Label: AG FM

Date Time	Elapsed	A1	B1	C1	A2	B2	C2	A3	B3	C3	A4	B4	C4
09/05/2018 17:00:00	0	6.299497	7.772596	8.248332	6.127459	7.166884	7.490314	5.436721	6.318201	6.144359	5.66752	6.620615	7.578133
09/05/2018 20:00:00	3	7.859939	9.695313	10.74503	8.030788	9.133364	9.203546	7.18502	8.379851	7.800419	7.222221	8.820726	10.22706
09/05/2018 23:00:00	6	9.313975	11.5581	12.77052	9.601815	11.12642	11.32858	8.653676	9.989683	9.294903	8.89172	10.69322	12.05845
10/05/2018 02:00:00	9	10.40995	12.91334	14.91928	10.79691	12.77152	12.80419	9.71384	11.23485	10.63989	10.07056	12.03345	13.61389
10/05/2018 05:00:00	12	11.14308	14.80547	16.32472	11.90669	14.00725	14.17077	10.61537	12.74989	11.8885	11.22955	13.75194	15.0848
10/05/2018 08:00:00	15	12.08242	16.00112	18.28196	12.89423	15.35195	15.89186	11.45544	13.74833	12.868	12.36599	14.83749	16.46352
10/05/2018 11:00:00	18	13.43444	17.12066	19.3932	14.19415	16.88675	17.24139	12.32257	14.73281	14.10624	13.47653	16.11317	17.8586
10/05/2018 14:00:00	21	14.7498	18.81963	21.18885	14.89784	18.32533	18.77852	13.50219	16.17073	15.37009	14.61081	17.47463	19.45166
10/05/2018 17:00:00	24	16.10108	19.78365	21.5293	16.31037	19.10065	20.17881	13.71534	16.47333	16.23748	14.80585	16.90663	19.83923
10/05/2018 20:00:00	27	17.93469	22.98803	23.49467	18.3155	21.36035	21.77822	15.33084	18.86871	18.12792	16.1988	18.97974	22.04789
10/05/2018 23:00:00	30	19.08554	24.26809	24.98159	19.1258	23.07986	23.48889	16.75435	20.53925	19.52024	18.07586	21.17091	23.25623
11/05/2018 02:00:00	33	20.91677	26.90457	27.31096	20.89604	25.53083	25.92461	18.62511	22.17187	21.1683	19.65196	22.75667	25.72231
11/05/2018 05:00:00	36	22.42814	29.07125	28.54627	22.64731	27.93113	27.40455	20.29635	24.11244	22.86624	20.73405	24.60182	27.0086
11/05/2018 08:00:00	39	23.67885	30.52941	30.73728	24.49659	29.40465	29.02013	21.73941	25.44895	24.11966	22.78951	26.26682	28.73629
11/05/2018 11:00:00	42	25.74633	33.31687	32.72618	26.65007	32.06216	31.42395	23.34344	27.36867	26.07644	25.03951	28.03976	29.94292
11/05/2018 14:00:00	45	27.74271	36.12712	34.04837	29.11374	34.12586	32.65263	24.79315	30.07748	27.62535	26.96708	30.03429	30.93697
11/05/2018 17:00:00	48	29.67439	38.02407	35.11869	30.84963	36.41798	34.32061	26.23821	31.75139	28.69165	28.63268	32.19056	32.47127
11/05/2018 20:00:00	51	31.12943	39.74313	36.09444	32.77737	38.76186	34.89192	28.61932	33.06261	28.58074	30.53417	34.2285	33.76021
11/05/2018 23:00:00	54	32.6623	42.71613	36.91154	35.39245	41.38704	36.57348	30.59943	35.92127	30.87118	32.87021	36.03787	35.04291
12/05/2018 02:00:00	57	34.35612	44.44639	38.39238	38.21206	43.49635	37.1443	32.97345	38.35458	30.45186	35.11803	38.0066	35.51376
12/05/2018 05:00:00	60	37.29115	48.13597	39.35126	40.84145	47.3853	37.80087	35.16242	40.28411	31.60041	38.09666	40.35558	36.10237
12/05/2018 08:00:00	63	40.2563	49.89967	39.264	44.16963	50.51947	38.50069	37.89466	42.74894	32.5414	40.96881	43.37339	37.7785
12/05/2018 11:00:00	66	42.78191	53.31373	39.88427	46.65846	53.98451	39.37434	40.45987	45.12793	33.58337	43.90246	45.62266	38.49627
12/05/2018 14:00:00	69	44.57524	55.56619	40.62648	50.11988	56.62891	40.71072	43.2592	48.03509	33.02414	46.57492	47.91314	38.71077
12/05/2018 17:00:00	72	46.54443	58.49621	41.41827	53.00209	59.48364	41.14018	45.88919	50.52254	34.11665	49.36686	51.04472	39.39281
12/05/2018 20:00:00	75	49.65173	61.06394	41.66553	56.6151	63.54056	41.91104	48.9999	53.48708	34.81234	53.02757	53.18143	40.29638
12/05/2018 23:00:00	78	52.0274	64.17908	42.91979	59.57125	67.035	43.01743	51.80701	56.811	35.88702	56.29644	56.26258	40.02252
13/05/2018 02:00:00	81	53.6678	66.94102	43.83009	62.93517	69.82851	42.47472	54.62788	59.52357	36.2129	59.49393	58.71312	41.52301
13/05/2018 05:00:00	84	56.82502	69.16104	43.22529	65.73168	73.1224	43.54524	58.1114	62.90251	36.57235	62.82996	61.86526	42.11195
13/05/2018 08:00:00	87	59.74643	73.28087	45.5169	68.53058	76.58755	45.83315	60.72063	66.15411	37.11849	65.64578	64.88943	41.82686
13/05/2018 11:00:00	90	61.72723	75.57809	46.60023	72.15347	79.00119	47.26234	64.53196	68.69041	39.25294	68.70505	67.98191	42.88436
13/05/2018 14:00:00	93	64.12434	77.17705	47.50042	75.18059	82.0253	45.59462	67.33995	71.03175	39.60454	72.4245	70.27014	43.08507
13/05/2018 17:00:00	96	66.10543	80.12405	47.84151	77.38091	84.82887	47.17894	70.55425	74.10171	41.50196	76.1122	73.10126	43.43724
13/05/2018 20:00:00	99	69.05289	81.35321	48.61373	80.24431	87.2188	48.86319	71.74561	76.99296	40.85309	78.8181	76.24965	44.75646
13/05/2018 23:00:00	102	70.45226	85.14254	49.7454	82.72419	89.87157	50.14892	75.35723	79.65293	42.72154	80.83463	78.54867	44.52484
14/05/2018 02:00:00	105	72.57445	85.89859	49.83985	84.46439	91.56527	51.36553	78.05087	81.69135	44.02735	83.30684	81.87537	45.80305
14/05/2018 05:00:00	108	74.77207	87.83212	50.14653	86.1813	92.68354	52.07675	80.4879	84.582	44.47461	85.78949	83.55383	46.48451
14/05/2018 08:00:00	111	76.53959	89.98844	52.5267	88.35146	94.49386	51.86612	82.02408	86.3483	44.98772	88.26835	85.61746	47.18402
14/05/2018 11:00:00	114	77.86258	90.94796	53.04543	90.05882	95.65562	53.61613	84.09805	88.38864	45.20917	90.14232	87.1405	48.1199
14/05/2018 14:00:00	117	78.8278	91.9164	54.76194	91.55318	96.78815	55.61552	85.29744	89.91783	47.64214	91.99554	88.70653	49.16141
14/05/2018 17:00:00	120	80.32681	93.56441	55.67639	92.05058	97.41839	56.57879	86.85543	91.2318	48.10664	93.18412	90.0231	49.08992
14/05/2018 20:00:00	123	81.08555	94.59634	57.23052	93.24474	97.91868	56.86037	88.13867	92.42184	49.04074	94.03947	91.8452	50.10608
14/05/2018 23:00:00	126	82.72067	95.28413	57.78588	94.41315	98.39133	59.41645	89.47929	93.83768	49.72158	95.28793	93.1842	50.43896
15/05/2018 02:00:00	129	83.84476	95.91889	59.44804	95.15276	98.81972	59.92278	91.01697	95.01334	51.08571	96.23919	94.23934	49.78561
15/05/2018 05:00:00	132	84.97208	96.90377	59.80381	96.22617	99.09151	60.10887	92.1593	95.76305	51.95049	96.89279	95.32907	52.81955
15/05/2018 08:00:00	135	86.03042	97.43354	60.28613	96.88034	99.24551	61.84159	93.03664	96.84901	53.62147	97.49789	96.07893	53.17086
15/05/2018 11:00:00	138	86.77377	97.88555	61.73382	97.62331	99.46951	63.5969	94.06055	97.23587	54.65553	97.91961	96.85162	52.898
15/05/2018 14:00:00	141	87.27653	98.45334	62.51833	98.07796	99.60168	64.08729	94.76985	97.60189	54.01357	98.21342	97.36804	54.20787
15/05/2018 17:00:00	144	88.41858	99.01507	63.3632	98.45329	99.69933	65.44798	95.56754	97.8632	55.99382	98.63226	97.9757	54.55282
15/05/2018 20:00:00	147	89.25174	98.9748	64.91671	98.7392	99.62238	66.48463	96.04424	98.27946	56.2093	98.96732	98.43941	56.23863
15/05/2018 23:00:00	150	90.01303	99.32735	64.93922	99.04778	99.8158	68.27814	96.60235	98.6614	57.057	99.25211	98.86492	56.79679
16/05/2018 02:00:00	153	90.60352	99.46131	66.13688	99.3755	99.84739	69.24783	97.10595	99.04778	59.2541	99.49408	99.1492	56.39786
16/05/2018 05:00:00	156	91.28644	99.61269	67.81375	99.55867	99.9063	69.88491	97.70053	99.29337	61.44999	99.64865	99.452	59.36994
16/05/2018 08:00:00	159	91.98033	99.54412	66.96097	99.77029	99.9296	71.30319	98.09753	99.41202	60.71566	99.78964	99.54271	59.8024
16/05/2018 11:00:00	162	92.50426	99.61372	68.0314	99.84081	99.96896	72.52708	98.46169	99.41036	62.67512	99.83837	99.67522	60.61282
16/05/2018 14:00:00	165	93.09033	99.72766	68.98255	99.895	99.9732	73.67799	98.80266	99.55384	63.27576	99.89666	99.75952	61.36127
16/05/2018 17:00:00	168	93.64488	99.8165	71.45327	99.93536	99.98627	74.54957	99.03334	99.66541	66.30666	99.91183	99.76877	61.97191
16/05/2018 20:00:00	171	94.18466	99.8503	71.73311	99.96938	99.99408	75.76736	99.27734	99.76917	66.76047	99.96295	99.82734	64.15813
16/05/2018 23:00:00	174	94.53405	99.90979	71.43863	99.98529	99.99785	75.35983	99.51559	99.81418	67.60858	99.97346	99.88597	64.57246
17/05/2018 02:00:00	177	94.97693	99.9433	73.44744	99.99136	99.99605	77.19927	99.68195	99.85906	69.37363	99.98277	99.92944	66.07224
17/05/2018 05:00:00	180	95.42885	99.94626	73.63657	99.99294	100	78.15237	99.82887	99.89986	70.01804	99.99013	99.94485	65.15871
17/05/2018 08:00:00	183	95.94671	99.96241	74.29763	99.99345	99.99683	78.75031	99.91946	99.9581	71.6102	99.99762	99.94905	66.6385
17/05/2018 11:00:00	186	96.08655	99.97421	75.89653	99.99876	100	80.20883	99.97022	99.97805	72.3838	99.9981	99.98489	69.97408
17/05/2018 14:00:00	189	96.37881	99.99355	76.18336	99.99673	99.99883	81.27499	99.99023	99.97676	74.17719	99.99577	99.97755	68.79448
17/05/2018 17:00:00	192	96.96298	99.99695	77.25606	99.99018	99.9984	82.55264	99.9959	99.98993	74.56976	99.99849	99.99514	71.30545
17/05/2018 20:00:00	195	97.23453	99.96927	77.52267	99.9938	99.99641	84.17976	99.99247	99.99538	74.53575	99.99475	99.99339	71.33305
17/05/2018 23:00:00	198	97.66272	99.9823	78.11298	99.99507	99.99896	84.31666	99.99769	100	75.55091	100	99.99709	73.65725
18/05/2018 02:00:00	201	97.97577	99.99444	78.92538	99.99715	99.99688	85.35355	99.99831	99.99883	77.01303	100	99.99785	73.27156
18/05/2018 05:00:00	204	98.28104	99.98061	78.98943	99.99773	100	85.04559	99.99712	100	79.01304	100	99.99767	74.10793
18/05/2018 08:00:00	207	98.53516	99.97012	79.827	99.99889	100	87.76856	99.99889	100	79.21701	100	99.99639	74.88215
18/05/2018 11:00:00	210	98.88538	99.98349	80.78012	99.9969	100	87.63477	100	99.99721	80.97591	99.99854	99.99487	76.06411
18/05/2018 14:00:00	213	98.93134	99.99447	81.59793	99.99545	99.99869	88.74836	99.99875	99.99567	82.21677	100	99.99802	76.26064
18/05/2018 17:00:00	216	99.16653	99.98672	79.86453	99.99767	99.99886	87.69058	99.99889	99.99707	81.93307	99.99893	99.99377	76.05241
18/05/2018 20:00:00	219	99.2718	99.99252	81.49919	99.99641	100	89.56606	99.9963	100	83.10446	99.99734	99.99574	76.64487
18/05/2018 23:00:00	222	99.48864	100	82.64426	99.99301	100	90.00639	99.99831	99.99773	83.85123	99.99889	99.99857	77.34547
19/05/2018 02:00:00	225	99.52637	99.99756	82.8399	100	99.99588	89.75373	99.99873	99.99722	85.14005	99.99589	99.9986	78.67506
19/05/2018 05:00:00	228	99.66831	100	84.01226	100	99.99632	90.41048	99.98908	99.99492	84.92577	99.99438	99.99594	79.28478
19/05/2018 08:00:00	231	99.67722	100	84.43851	99.99786	99.99767	91.82713	99.99896	99.99594	85.45876	99.9986	99.99366	80.05801
19/05/2018 11:00:00	234	99.81153	99.99779	85.22697	100	100	91.78485	99.99759	99.99773	86.99451	99.99812	99.99244	80.90225
19/05/2018 14:00:00	237	99.88174	99.99751	85.58682	99.99838	100	92.53494	99.99461	99.9974	87.79601	99.99313	99.98506	82.20804
19/05/2018 17:00:00	240	99.79747	100	86.0788	99.99849	99.9989	93.12755	99.98947	99.99197	88.90501	99.99821	99.98775	82.64362
19/05/2018 20:00:00	243	99.90145	99.99754	85.69129	99.99788	99.99686	93.53008	99.98988	99.99723	89.38464	99.99268	99.99761	82.95707
19/05/2018 23:00:00	246	99.89805	100	86.90368	99.99841	99.99863	93.91533	99.99311	99.99727	90.1009	99.99461	99.99307	82.49795
20/05/2018 02:00:00	249	99.83106	100	86.87846	99.99656	100	94.81352	99.98954	100	90.69324	99.99644	99.98148	84.11242
20/05/2018 05:00:00	252	99.923	99.9976	87.90659	99.99454	99.9964	95.12249	99.98339	100	91.02982	99.99448	99.99478	85.45145
20/05/2018 08:00:00	255	99.89236	99.99699	87.72038	99.99665	99.99734	95.66684	99.99456	100	92.45972	99.99374	99.98505	85.32621
20/05/2018 11:00:00	258	99.84809	99.99536	89.42112	99.99863	99.99826	95.53099	99.99136	100	92.72642	99.99445	99.99369	86.79414
20/05/2018 14:00:00	261	99.7699	99.99734	89.80459	99.99864	99.98949	96.27757	99.98943	100	93.11632	99.98264	99.9736	86.90822
20/05/2018 17:00:00	264	99.90356	99.99838	89.03818	99.99364	99.98999	96.69516	99.98685	99.99886	93.96118	99.98833	99.9758	87.33555
20/05/2018 20:00:00	267	99.92085	99.99875	90.15849	99.99069	99.99724	96.65691	99.98452	99.99686	94.70005	99.99308	99.98335	88.18285
20/05/2018 23:00:00	270	99.91853	99.99878	90.13306	99.99357	99.99778	97.42202	99.98843	99.98744	94.77909	99.98508	99.9891	88.72929
21/05/2018 02:00:00	273	99.88467	99.9968	90.24784	99.99738	99.99773	97.77883	99.98713	100	94.73172	99.98148	99.98996	89.01395
21/05/2018 05:00:00	276	99.8942	99.99372	90.90821	99.99297	99.99849	97.89082	99.97031	99.98329	95.39374	99.98025	99.9772	89.18924
21/05/2018 08:00:00	279	99.85604	99.99603	90.83072	99.99692	99.99171	97.86601	99.97382	99.98297	95.96738	99.97839	99.97822	89.55216
21/05/2018 11:00:00	282	99.86417	99.99112	91.04196	99.98922	99.99246	98.47549	99.98575	99.99702	96.63551	99.98026	99.98004	90.21799
21/05/2018 14:00:00	285	99.88193	99.98586	91.27242	99.98667	99.99328	98.41037	99.98165	99.98726	96.75457	99.97628	99.97293	91.01143
21/05/2018 17:00:00	288	99.92794	99.99825	92.23628	99.99461	100	98.76552	99.98988	99.98895	96.97073	99.98369	99.97721	91.76441
21/05/2018 20:00:00	291	99.87022	99.98523	92.40358	99.99572	99.99867	99.07037	99.97861	99.99734	97.76463	99.98527	99.99338	92.50872
21/05/2018 23:00:00	294	99.93251	99.9822	92.0751	99.99026	99.99356	99.09607	99.98001	99.99129	97.7524	99.98509	99.98949	92.06421
22/05/2018 02:00:00	297	99.92226	99.98833	92.63435	99.98345	99.99004	99.16759	99.98788	99.99237	97.80079	99.99545	99.99486	92.79444
22/05/2018 05:00:00	300	99.91476	99.98301	92.2141	99.98569	99.98805	99.32397	99.98074	99.98666	97.93436	99.98696	99.98448	93.43188
22/05/2018 08:00:00	303	99.90343	99.97795	93.48546	99.99642	99.98532	99.27859	99.9808	99.97829	98.40475	99.98233	99.98157	93.70343
22/05/2018 11:00:00	306	99.86996	99.98646	93.87248	99.98675	99.98238	99.44953	99.98183	99.98666	98.26392	99.98059	99.98769	94.13783
22/05/2018 14:00:00	309	99.89111	99.96736	93.52311	99.98404	99.98479	99.70145	99.98766	99.98703	98.72161	99.99084	99.97897	93.91469
22/05/2018 17:00:00	312	99.86153	99.94037	93.39662	99.97952	99.98674	99.65215	99.98245	99.97553	98.90526	99.98988	99.98519	94.48525
22/05/2018 20:00:00	315	99.86252	99.97533	93.98104	99.99435	99.98578	99.80301	99.97185	99.98447	99.0788	99.99155	99.98087	94.39217
22/05/2018 23:00:00	318	99.91812	99.96512	94.01035	99.99053	99.99222	99.79662	99.97912	99.97849	98.94997	99.97921	99.9884	95.23604
23/05/2018 02:00:00	321	99.85159	99.9437	94.10004	99.98849	99.97303	99.81528	99.97565	99.97231	99.07474	99.98685	99.98323	94.80826
23/05/2018 05:00:00	324	99.84387	99.95743	94.75665	99.99652	99.98119	99.85737	99.98354	99.97617	99.29697	99.97794	99.98321	95.5061
23/05/2018 08:00:00	327	99.82318	99.97127	94.67279	99.98727	99.98407	99.89449	99.98089	99.98422	99.47364	99.96957	99.9832	95.92445
23/05/2018 11:00:00	330	99.87589	99.98985	94.73689	99.98858	99.98697	99.87371	99.97018	99.95728	99.50132	99.97585	99.97942	95.86545
23/05/2018 14:00:00	333	99.8345	99.97174	94.75993	99.98859	99.98941	99.93501	99.98746	99.95527	99.61047	99.97091	99.9754	96.12421
23/05/2018 17:00:00	336	99.85785	99.96364	94.91739	99.99047	99.9726	99.9455	99.98811	99.96889	99.57914	99.97398	99.9761	96.28854
23/05/2018 20:00:00	339	99.84996	99.95756	95.16188	99.98392	99.97494	99.96008	99.98753	99.96622	99.60893	99.99041	99.979	96.5685
23/05/2018 23:00:00	342	99.82675	99.9529	95.44198	99.99235	99.97969	99.95528	99.97585	99.96713	99.66785	99.97787	99.97919	96.5274
24/05/2018 02:00:00	345	99.87965	99.93182	95.49677	99.97332	99.97672	99.95761	99.98019	99.97907	99.6104	99.97859	99.97978	96.59902
24/05/2018 05:00:00	348	99.80949	99.95807	95.56538	99.986	99.98801	99.92406	99.97815	99.95012	99.82623	99.97755	99.98061	96.63972
24/05/2018 08:00:00	351	99.82594	99.93944	95.87616	99.99123	99.97836	99.97752	99.98756	99.96683	99.81621	99.98194	99.98116	97.35698
24/05/2018 11:00:00	354	99.82968	99.94269	95.94202	99.99464	99.97238	99.95902	99.97282	99.96623	99.82945	99.98172	99.97939	97.22878
24/05/2018 14:00:00	357	99.81136	99.91136	96.20023	99.98131	99.96124	99.9739	99.97614	99.97541	99.91711	99.98207	99.9778	97.26107
24/05/2018 17:00:00	360	99.84292	99.92511	96.04205	99.98167	99.96139	99.97015	99.98956	99.96426	99.86243	99.98981	99.97028	97.28822
24/05/2018 20:00:00	363	99.82526	99.91682	96.32415	99.984	99.95417	99.95715	99.97859	99.96929	99.81658	99.97282	99.98865	97.54091
24/05/2018 23:00:00	366	99.82192	99.9297	96.4381	99.99007	99.96493	99.97701	99.98434	99.96162	99.89951	99.98198	99.98867	97.20969
25/05/2018 02:00:00	369	99.75922	99.86784	96.61125	99.98637	99.94486	99.98831	99.99107	99.96513	99.83704	99.96175	99.96213	97.6878
25/05/2018 05:00:00	372	99.67934	99.88026	96.26457	99.97401	99.93902	99.97841	99.98603	99.96571	99.86909	99.99026	99.97034	97.78195
25/05/2018 08:00:00	375	99.75468	99.86189	95.63837	99.97705	99.93372	99.96961	99.97406	99.95419	99.9034	99.97375	99.98029	97.80595
25/05/2018 11:00:00	378	99.73372	99.87317	96.15692	99.97281	99.94937	99.972	99.9816	99.94278	99.91319	99.9883	99.97922	97.6852
25/05/2018 14:00:00	381	99.63589	99.80136	96.57861	99.96973	99.96493	99.96144	99.96745	99.96458	99.8826	99.99352	99.97495	97.7066
25/05/2018 17:00:00	384	99.71503	99.81907	96.31213	99.97166	99.9536	99.95329	99.96734	99.95477	99.85767	99.98587	99.96209	97.79473
25/05/2018 20:00:00	387	99.65597	99.81686	96.18197	99.96976	99.94572	99.97922	99.96198	99.96976	99.91335	99.98294	99.9753	97.77689
25/05/2018 23:00:00	390	99.62229	99.79907	96.8061	99.97211	99.96431	99.97617	99.96619	99.93192	99.92575	99.97964	99.97308	97.91058
26/05/2018 02:00:00	393	99.64555	99.83572	96.51121	99.98198	99.93748	99.98381	99.96751	99.95703	99.93575	99.97017	99.96952	97.69289
26/05/2018 05:00:00	396	99.66442	99.77185	96.60526	99.96278	99.94434	99.97334	99.96527	99.95267	99.88023	99.9733	99.98208	97.86131
26/05/2018 08:00:00	399	99.59661	99.81053	96.39466	99.97866	99.92667	99.98087	99.974	99.95169	99.93698	99.98021	99.97527	97.92697
26/05/2018 11:00:00	402	99.5483	99.78104	96.5751	99.96845	99.95325	99.96781	99.96694	99.96497	99.89281	99.98166	99.96197	97.89417
26/05/2018 14:00:00	405	99.54227	99.70755	96.75836	99.97371	99.92593	99.95733	99.96715	99.96255	99.8607	99.9863	99.96677	97.58236
26/05/2018 17:00:00	408	99.50223	99.72897	96.42233	99.9617	99.93356	99.95664	99.95527	99.95465	99.88065	99.97466	99.95803	97.77947
26/05/2018 20:00:00	411	99.55569	99.68851	96.52298	99.97902	99.9151	99.98101	99.96485	99.96764	99.86829	99.97765	99.94404	97.67819
26/05/2018 23:00:00	414	99.52293	99.70398	96.66148	99.95271	99.93417	99.9586	99.97162	99.97231	99.87489	99.97391	99.95224	97.69517
27/05/2018 02:00:00	417	99.39168	99.67224	96.24651	99.94942	99.92734	99.96801	99.96801	99.96346	99.85248	99.97778	99.95231	97.67249
27/05/2018 05:00:00	420	99.4351	99.71317	97.03426	99.93896	99.92638	99.96019	99.965	99.97275	99.85097	99.96896	99.9589	97.73695
27/05/2018 08:00:00	423	99.46766	99.70049	97.04958	99.93153	99.88971	99.96674	99.95403	99.96011	99.81259	99.96327	99.96343	97.73215
27/05/2018 11:00:00	426	99.29986	99.58706	96.63418	99.91353	99.90487	99.96197	99.95222	99.96281	99.81789	99.97225	99.95538	97.73182
27/05/2018 14:00:00	429	99.4492	99.6563	96.884	99.9435	99.89825	99.95946	99.93502	99.97597	99.87068	99.96004	99.93253	97.92908
27/05/2018 17:00:00	432	99.41319	99.58029	96.7166	99.92949	99.88776	99.94465	99.94372	99.94092	99.88787	99.95709	99.95965	97.64119
27/05/2018 20:00:00	435	99.373	99.55667	96.89413	99.92934	99.88895	99.95087	99.93699	99.96373	99.85691	99.96151	99.95773	97.53561
27/05/2018 23:00:00	438	99.35972	99.49644	96.9845	99.91528	99.80618	99.94617	99.93858	99.94552	99.84128	99.96022	99.94721	97.56683
28/05/2018 02:00:00	441	99.23392	99.45387	96.66009	99.91419	99.82286	99.92828	99.92899	99.94364	99.85207	99.94468	99.954	98.0162
28/05/2018 05:00:00	444	99.20636	99.50883	96.65614	99.92533	99.84492	99.91983	99.93675	99.94059	99.8286	99.96223	99.95281	97.97395
28/05/2018 08:00:00	447	99.25452	99.46558	96.77406	99.89163	99.80413	99.88665	99.93851	99.95483	99.81178	99.97141	99.92779	97.6784
28/05/2018 11:00:00	450	99.14058	99.3494	96.76892	99.8936	99.80624	99.9081	99.92743	99.96473	99.79013	99.95826	99.94238	97.70887
28/05/2018 14:00:00	453	99.2604	99.37668	96.7146	99.90526	99.81286	99.91033	99.93379	99.94819	99.76688	99.96622	99.9389	97.89254
28/05/2018 17:00:00	456	99.13174	99.33807	96.44894	99.88336	99.77441	99.885	99.95355	99.95926	99.76105	99.95571	99.92984	98.13287
28/05/2018 20:00:00	459	99.19376	99.27713	96.62738	99.90936	99.80289	99.92838	99.93656	99.93919	99.73975	99.95496	99.93182	98.11856
28/05/2018 23:00:00	462	99.04034	99.14092	96.63998	99.84968	99.81412	99.93583	99.92789	99.92703	99.72898	99.96146	99.8846	97.52096
29/05/2018 02:00:00	465	99.05598	99.15439	96.15732	99.85773	99.80685	99.91129	99.94299	99.93678	99.65759	99.952	99.90309	97.33607
29/05/2018 05:00:00	468	98.99446	99.11685	96.2478	99.86014	99.76248	99.92892	99.90283	99.936	99.69047	99.95369	99.89701	97.31351
29/05/2018 08:00:00	471	99.01759	98.98138	95.91093	99.85049	99.70763	99.89804	99.91779	99.9277	99.73251	99.94244	99.88783	97.423
29/05/2018 11:00:00	474	98.93863	98.91483	95.99634	99.81126	99.75574	99.91684	99.92784	99.92331	99.69343	99.96329	99.91738	97.44103
29/05/2018 14:00:00	477	98.73834	99.01646	95.91733	99.83669	99.67296	99.89081	99.90675	99.91055	99.64216	99.92132	99.90809	97.33682
29/05/2018 17:00:00	480	98.68782	98.91142	96.2098	99.79289	99.70223	99.89848	99.92065	99.92497	99.77084	99.93991	99.88164	97.2499
29/05/2018 20:00:00	483	98.6362	98.72732	95.72883	99.73301	99.70065	99.84219	99.93736	99.90195	99.68679	99.93084	99.90013	96.94739
29/05/2018 23:00:00	486	98.54525	98.76801	95.65425	99.71847	99.65723	99.84946	99.94064	99.90415	99.53719	99.92	99.90366	96.92316
30/05/2018 02:00:00	489	98.46178	98.51593	95.5089	99.75827	99.65041	99.82888	99.92005	99.87419	99.60166	99.91599	99.86102	96.48219
30/05/2018 05:00:00	492	98.54684	98.55493	95.15144	99.74522	99.67507	99.80447	99.92965	99.92292	99.61068	99.90874	99.85605	96.23396
30/05/2018 08:00:00	495	98.17944	98.33286	94.98508	99.74578	99.64913	99.77469	99.9127	99.89222	99.58554	99.92929	99.86968	96.39857
30/05/2018 11:00:00	498	98.19273	98.29832	94.2622	99.70717	99.6514	99.78708	99.93624	99.89236	99.51632	99.89311	99.84872	95.92587
30/05/2018 14:00:00	501	98.23062	98.17732	94.60094	99.70341	99.67609	99.77036	99.94424	99.88653	99.61384	99.92378	99.8743	95.73741
30/05/2018 17:00:00	504	98.75336	98.30413	94.51454	99.79208	99.74796	99.82095	99.96239	99.93631	99.58884	99.92168	99.85883	95.90982
30/05/2018 20:00:00	507	98.75879	98.2663	93.9697	99.78073	99.7399	99.85737	99.95818	99.93041	99.653	99.91872	99.8727	95.82272
30/05/2018 23:00:00	510	98.53023	98.12424	93.81818	99.75026	99.75358	99.83368	99.94351	99.90105	99.58068	99.90308	99.8254	95.33556
31/05/2018 02:00:00	513	98.28006	98.02353	93.31535	99.69711	99.6194	99.85441	99.91017	99.91535	99.56187	99.92616	99.82206	94.91488
31/05/2018 05:00:00	516	98.28294	97.74893	92.85925	99.73006	99.60526	99.81689	99.9252	99.9201	99.54041	99.9112	99.85354	94.49277
31/05/2018 08:00:00	519	98.30663	97.71657	92.23195	99.71731	99.56892	99.84685	99.95193	99.93651	99.51762	99.87836	99.80817	93.90335
31/05/2018 11:00:00	522	98.15824	97.36315	92.03614	99.70218	99.56335	99.79479	99.88676	99.91509	99.41934	99.87911	99.87584	93.40648
31/05/2018 14:00:00	525	98.27145	97.1612	91.40141	99.69395	99.56717	99.78425	99.92528	99.89919	99.52599	99.89395	99.79219	93.32754
31/05/2018 17:00:00	528	97.96735	96.78604	90.50845	99.6358	99.53484	99.76729	99.88525	99.90459	99.44496	99.88806	99.80009	92.67328
31/05/2018 20:00:00	531	97.85104	96.6257	90.02369	99.71394	99.53467	99.73	99.90004	99.8821	99.34437	99.88738	99.7702	92.05398
31/05/2018 23:00:00	534	97.65451	96.3091	89.31918	99.67059	99.43161	99.74657	99.89094	99.90482	99.40282	99.8536	99.79514	91.449
01/06/2018 02:00:00	537	97.66091	95.89388	88.80026	99.66995	99.53058	99.79129	99.90939	99.88231	99.23805	99.87682	99.79739	90.48756
01/06/2018 05:00:00	540	97.52573	95.58626	87.96829	99.68572	99.52362	99.74866	99.88718	99.92895	99.20743	99.87319	99.79369	90.08792
01/06/2018 08:00:00	543	97.45078	95.43646	86.8154	99.55451	99.392	99.7449	99.896	99.87046	99.26362	99.79321	99.73147	89.33801
01/06/2018 11:00:00	546	97.26313	95.0937	86.16031	99.52959	99.41199	99.65027	99.89463	99.83325	99.19036	99.82217	99.77494	88.32048
01/06/2018 14:00:00	549	96.9537	94.88711	85.28703	99.54994	99.3545	99.75031	99.91088	99.83517	99.19437	99.83789	99.73066	87.40088
01/06/2018 17:00:00	552	97.00102	94.2399	84.77663	99.40966	99.26785	99.71807	99.88083	99.85694	99.28272	99.81438	99.76859	86.44828
01/06/2018 20:00:00	555	96.64754	93.951	83.7872	99.4183	99.12812	99.68541	99.85229	99.87814	98.98103	99.77208	99.7413	85.68385
01/06/2018 23:00:00	558	96.41763	93.67665	82.9167	99.28745	99.26258	99.6114	99.85759	99.82613	99.09671	99.84809	99.7485	84.91595
02/06/2018 02:00:00	561	96.21277	93.40051	81.96821	99.34387	99.18806	99.64248	99.83398	99.7503	99.12241	99.84118	99.69556	83.75735
02/06/2018 05:00:00	564	96.01443	93.22574	81.13963	99.45749	99.10018	99.68913	99.80595	99.77829	99.09468	99.78738	99.67788	82.63236
02/06/2018 08:00:00	567	95.69894	92.91648	80.39679	99.36819	99.05837	99.61654	99.84558	99.72746	98.9274	99.81169	99.65189	81.70438
02/06/2018 11:00:00	570	95.56589	92.51944	79.25919	99.24501	99.13419	99.55878	99.88524	99.71733	98.8082	99.76522	99.73727	80.44614
02/06/2018 14:00:00	573	95.3402	92.11877	78.43765	99.18543	98.8518	99.65422	99.87655	99.72927	98.82725	99.8121	99.63645	79.40945
02/06/2018 17:00:00	576	94.79083	91.91342	77.07474	99.105	98.83636	99.57954	99.83112	99.80931	98.97542	99.80785	99.7412	78.16012
02/06/2018 20:00:00	579	94.7478	91.50016	76.5434	98.79452	98.70505	99.52682	99.79233	99.69793	98.6404	99.7461	99.69785	77.12495
02/06/2018 23:00:00	582	94.5142	91.25256	75.58316	98.95101	98.70139	99.4981	99.8042	99.74681	98.83902	99.64092	99.73841	76.24413
03/06/2018 02:00:00	585	94.103	90.69723	74.73796	98.92225	98.62208	99.56561	99.78425	99.69136	98.69485	99.65382	99.65659	75.22681
03/06/2018 05:00:00	588	93.93745	90.45602	73.90282	98.94351	98.48654	99.53513	99.7496	99.60892	98.68972	99.6032	99.71266	74.36044
03/06/2018 08:00:00	591	93.51463	89.92099	73.02106	98.69566	98.15268	99.42789	99.76183	99.5526	98.63308	99.61356	99.71273	73.0705
03/06/2018 11:00:00	594	93.14164	89.83647	72.374	98.68344	98.13276	99.49687	99.77251	99.5313	98.29716	99.57497	99.71369	72.15792
03/06/2018 14:00:00	597	92.63126	89.45752	71.58545	98.35771	97.80788	99.56021	99.83822	99.54764	98.51466	99.51598	99.61251	70.97674
03/06/2018 17:00:00	600	92.23478	89.42229	70.65807	98.38725	97.36165	99.48273	99.80835	99.51649	98.30166	99.62686	99.62975	69.87633
03/06/2018 20:00:00	603	92.06991	88.975	69.88411	98.58925	97.63841	99.44281	99.80978	99.46284	98.32214	99.58859	99.65622	69.00494
03/06/2018 23:00:00	606	91.8306	88.86942	69.24773	98.21369	97.60977	99.47816	99.77761	99.39521	98.05273	99.52743	99.60506	68.33709
04/06/2018 02:00:00	609	91.44801	88.45433	68.61236	98.27994	97.32935	99.38488	99.70831	99.44662	98.28243	99.55217	99.63242	67.32782
04/06/2018 05:00:00	612	91.06403	88.18199	67.89175	98.12244	97.03647	99.42581	99.70618	99.3018	98.1772	99.52097	99.56331	66.39418
04/06/2018 08:00:00	615	90.13322	87.91713	67.71971	97.91908	96.46889	99.06491	99.66693	99.27181	98.07755	99.46808	99.53884	65.93607
