Label: AG FM

Date Time	Elapsed	A1	B1	C1	A2	B2	C2	A3	B3	C3	A4	B4	C4
09/05/2018 17:00:00	0	5.98837	9.034302	7.251854	5.802495	8.434315	8.803657	6.623425	6.854238	8.184483	8.319509	6.740846	6.934289
09/05/2018 20:00:00	3	6.485664	10.26121	8.107331	6.830944	9.497387	9.809112	7.47144	7.983938	9.959667	9.328281	7.989595	7.821265
09/05/2018 23:00:00	6	7.023674	11.19523	8.988303	7.549458	9.851424	10.36804	7.880356	8.676986	10.45458	10.15476	8.545113	8.267718
10/05/2018 02:00:00	9	7.489184	11.85557	9.913301	7.684018	10.89295	10.77691	8.430084	9.270104	11.12083	10.81764	9.259689	8.892142
10/05/2018 05:00:00	12	8.21839	12.47744	10.65934	8.673379	11.60523	11.48348	8.870553	10.17435	12.09698	12.13349	10.10322	9.310782
10/05/2018 08:00:00	15	8.539019	13.1506	11.47724	8.675243	12.06505	12.19747	9.717418	10.50983	12.24679	13.19913	10.9392	9.774405
10/05/2018 11:00:00	18	9.077911	14.18204	12.13833	9.457392	12.88075	12.64853	9.52643	11.23146	13.07414	13.79143	11.15072	10.37319
10/05/2018 14:00:00	21	9.951223	15.69304	12.95353	10.2253	13.84165	13.59189	10.30723	12.29291	14.19983	14.83333	12.09493	11.20342
10/05/2018 17:00:00	24	9.630818	14.70813	12.21812	10.54983	13.2901	12.53337	10.24954	12.44673	12.66542	14.30369	12.007	10.67941
10/05/2018 20:00:00	27	11.73802	17.62547	14.11154	12.36615	16.45241	14.75058	12.57379	14.7281	14.75373	17.00646	14.12897	12.48846
10/05/2018 23:00:00	30	13.10372	19.99167	15.18012	13.56266	18.19798	15.79581	14.30704	16.05123	15.79681	18.87259	16.13856	13.95205
11/05/2018 02:00:00	33	14.82985	22.18636	16.18038	15.35054	19.90579	16.78747	15.41947	18.02798	17.60381	21.08415	18.02408	14.71191
11/05/2018 05:00:00	36	16.19834	24.1852	16.77888	16.7438	22.18374	18.4777	17.15324	19.89608	18.60298	22.84867	19.77305	16.18448
11/05/2018 08:00:00	39	17.20121	25.49284	18.13401	18.05126	24.03072	19.84439	18.74222	21.47009	19.40599	24.35285	21.18362	17.02131
11/05/2018 11:00:00	42	18.45279	26.85546	20.22432	19.34565	25.75716	21.60628	20.32797	22.93536	19.98913	26.61779	22.28122	17.62157
11/05/2018 14:00:00	45	19.47526	29.1006	20.9237	20.01318	26.57156	22.93313	21.34501	23.61721	22.57518	27.74803	23.73247	18.81011
11/05/2018 17:00:00	48	20.35384	29.6903	21.55535	21.40373	28.10903	24.36094	22.49863	25.16023	23.39663	29.34455	25.26482	20.18547
11/05/2018 20:00:00	51	21.61291	29.94059	22.17409	23.07087	30.37398	26.1939	23.47563	25.50096	23.60249	30.75802	26.13436	20.57575
11/05/2018 23:00:00	54	22.55672	31.61892	23.19116	24.00237	31.9656	26.63807	25.34965	27.50371	24.73486	32.61476	27.72373	21.27946
12/05/2018 02:00:00	57	23.61833	34.31669	24.34198	25.4487	34.10633	27.5092	26.68488	29.12201	25.84884	34.64259	29.03237	22.66623
12/05/2018 05:00:00	60	24.71177	36.67706	26.1986	27.53316	36.89563	28.64665	29.65546	31.45798	27.35701	36.47001	30.54987	23.42544
12/05/2018 08:00:00	63	27.63203	38.18483	26.80878	30.11827	39.10157	30.10948	32.28575	34.13675	28.10515	38.79359	32.95819	25.50424
12/05/2018 11:00:00	66	30.14518	41.16156	27.47476	32.60235	41.7603	31.74364	34.56636	34.7518	29.61224	41.10045	34.78206	26.13884
12/05/2018 14:00:00	69	32.28941	41.46063	29.91701	35.03602	43.4112	33.54445	35.79299	36.68685	29.22862	44.06224	36.76571	27.5636
12/05/2018 17:00:00	72	34.33423	43.94748	30.20997	37.49701	45.91731	35.34919	38.7683	37.96193	33.66507	45.21819	39.03748	29.40468
12/05/2018 20:00:00	75	35.76666	46.72055	32.07463	39.32516	48.19442	35.83327	41.48258	40.35508	34.21252	48.3349	38.96208	30.36745
12/05/2018 23:00:00	78	39.30937	48.14601	32.92149	41.03085	51.3879	38.49414	43.04789	43.72924	36.09166	52.36873	43.32893	30.96644
13/05/2018 02:00:00	81	40.52866	50.32785	34.13783	44.07481	53.66391	40.47394	45.78955	46.03244	37.35538	53.53616	44.90747	33.13105
13/05/2018 05:00:00	84	43.64082	52.47359	35.41224	46.26931	55.9738	42.55049	49.36397	48.7935	39.10419	55.5605	47.82905	34.32616
13/05/2018 08:00:00	87	45.86376	54.87117	36.34138	48.72918	59.01978	44.33449	52.23667	50.04826	40.15107	58.60893	50.22019	35.07399
13/05/2018 11:00:00	90	49.8071	57.20393	38.58424	52.57635	61.01127	44.38269	52.69309	51.86439	43.50337	61.13666	53.62164	37.20229
13/05/2018 14:00:00	93	50.61107	60.46892	40.25084	54.6234	63.00436	47.3298	56.81815	54.55116	43.45934	64.1931	55.56966	38.61469
13/05/2018 17:00:00	96	54.7674	62.57439	40.52804	56.06255	68.15371	48.69069	58.92835	56.42518	46.1409	67.64008	57.40198	40.90957
13/05/2018 20:00:00	99	56.81414	63.39255	42.1267	59.59917	70.28423	50.21927	60.71403	61.11034	47.30802	70.66042	60.25922	42.65681
13/05/2018 23:00:00	102	59.04466	65.5248	42.59557	62.75178	73.14341	51.16635	65.68697	62.96819	47.83525	74.30769	64.41824	41.99529
14/05/2018 02:00:00	105	60.74493	67.95039	43.97777	65.0298	76.05001	52.66476	68.64597	65.44699	50.06533	76.62394	67.16861	45.03757
14/05/2018 05:00:00	108	64.02444	69.90136	44.10637	68.11157	79.30847	54.43555	71.27193	68.21317	53.05479	79.44944	70.55179	46.34126
14/05/2018 08:00:00	111	68.00319	71.15038	45.65013	70.94886	82.93197	56.43921	73.9872	69.79414	55.21223	81.60379	73.23962	48.11545
14/05/2018 11:00:00	114	70.21377	74.33945	47.12584	72.22532	85.33246	57.63322	75.82498	72.35365	55.6323	84.10976	76.15768	49.95662
14/05/2018 14:00:00	117	72.71574	76.66098	47.42366	73.80217	88.07413	59.51384	77.90742	74.911	58.93455	86.90704	78.38612	50.77777
14/05/2018 17:00:00	120	73.70901	77.79955	49.60845	76.17455	89.85568	62.02559	79.67044	78.59459	60.54925	89.23172	82.28171	52.53661
14/05/2018 20:00:00	123	76.64706	81.4935	50.12703	77.37672	91.85129	62.32848	83.11063	80.36858	61.02794	91.33511	84.05063	52.45055
14/05/2018 23:00:00	126	79.17552	81.535	50.7617	79.71312	94.06255	64.1636	83.65101	82.0881	64.04524	92.14824	86.66633	55.5437
15/05/2018 02:00:00	129	82.13796	84.04363	52.95779	80.5641	94.92532	66.47029	85.74182	85.20454	66.2012	93.37077	87.97678	57.52427
15/05/2018 05:00:00	132	83.13007	86.1069	52.53508	82.22416	96.43947	67.98232	87.23678	86.93987	66.967	94.60546	89.5111	58.1385
15/05/2018 08:00:00	135	85.00212	87.6954	54.35372	83.69931	97.72641	69.78198	88.88773	89.72968	68.35595	95.95551	91.68934	60.79731
15/05/2018 11:00:00	138	86.03613	89.78509	55.57139	86.65542	98.04694	72.08315	90.58366	90.75889	69.96639	96.20897	91.93492	61.92891
15/05/2018 14:00:00	141	86.95005	91.11344	57.10047	86.89887	98.25768	72.54523	91.24104	92.17022	71.6351	97.43159	93.29485	63.3944
15/05/2018 17:00:00	144	88.78561	91.71703	57.73005	88.35168	98.99387	73.17436	92.36236	93.67239	73.56417	98.11947	93.94203	65.47682
15/05/2018 20:00:00	147	89.54514	93.67392	59.32245	89.94241	99.33483	76.2449	93.63799	95.35721	74.38687	98.56644	94.75285	67.39809
15/05/2018 23:00:00	150	91.20953	93.46458	60.23764	90.83231	99.52453	77.73972	94.22626	96.41019	75.5491	98.79694	95.08292	67.89231
16/05/2018 02:00:00	153	91.57815	95.4389	62.01988	91.9687	99.72762	80.52151	95.49715	97.27374	77.77222	99.12979	96.26523	70.31853
16/05/2018 05:00:00	156	92.31377	96.42993	63.79856	92.07484	99.7913	81.60379	96.43298	97.66271	78.90406	99.26534	96.79696	72.38152
16/05/2018 08:00:00	159	93.48576	96.94427	65.2719	93.44131	99.8893	83.31874	96.93924	98.35265	80.0903	99.63872	97.3793	74.49059
16/05/2018 11:00:00	162	94.07106	96.78432	65.03927	94.46857	99.93887	84.78151	97.53262	98.70206	81.61578	99.68504	97.71039	75.8541
16/05/2018 14:00:00	165	94.35372	98.44566	66.52972	94.64439	99.91612	85.68636	98.14243	98.92342	82.87421	99.80649	98.54135	77.1546
16/05/2018 17:00:00	168	95.11468	98.70845	68.78346	95.75079	99.97768	86.71731	98.26315	99.23917	84.21266	99.9006	98.63622	78.38671
16/05/2018 20:00:00	171	94.93343	99.01949	69.6764	96.03131	99.97519	87.60484	98.7427	99.4733	85.68375	99.94608	98.86467	80.69234
16/05/2018 23:00:00	174	95.69019	99.16058	69.70869	96.66137	99.96945	88.90547	99.32934	99.61282	86.69939	99.96318	99.19379	82.82676
17/05/2018 02:00:00	177	96.24306	99.27401	71.04974	97.19839	99.99036	90.25286	99.38392	99.6478	88.02825	99.98017	99.52836	83.56485
17/05/2018 05:00:00	180	96.92772	99.45491	72.52949	97.31656	99.99132	92.32858	99.60925	99.64114	89.30634	99.99023	99.7065	83.56918
17/05/2018 08:00:00	183	96.89758	99.64977	72.52316	98.35331	99.98105	92.93177	99.70259	99.76767	90.51202	99.98576	99.76376	85.8228
17/05/2018 11:00:00	186	97.123	99.7194	73.8121	98.57787	99.99154	93.48981	99.879	99.81039	90.71087	99.9855	99.87757	86.56754
17/05/2018 14:00:00	189	97.57915	99.80862	74.2222	98.83357	99.99382	93.6627	99.87174	99.85828	91.55266	99.98655	99.95093	87.62833
17/05/2018 17:00:00	192	97.40823	99.84444	76.12828	98.88959	99.99706	95.57784	99.96219	99.92521	92.08968	99.99812	99.87137	89.60483
17/05/2018 20:00:00	195	97.52006	99.93124	76.71494	99.41358	99.9964	96.26466	99.9721	99.92739	93.14604	100	99.9189	89.59583
17/05/2018 23:00:00	198	97.65492	99.93336	78.10978	99.63955	99.99643	96.18887	99.98521	99.97015	94.23013	99.99641	99.9664	91.29782
18/05/2018 02:00:00	201	97.92205	99.95043	79.75385	99.70414	99.99889	97.07648	99.98192	99.97753	94.57896	99.99892	99.97647	92.36206
18/05/2018 05:00:00	204	98.41947	99.96356	80.04847	99.79963	100	98.3568	99.97806	99.95779	94.59045	99.99853	99.98678	92.8365
18/05/2018 08:00:00	207	98.56746	99.98743	82.10162	99.84067	99.99862	98.57786	99.99026	99.94746	95.58139	99.99889	99.99323	93.20184
18/05/2018 11:00:00	210	98.46481	99.98505	82.15159	99.88334	100	99.07333	99.99692	99.99167	95.9175	100	99.99762	94.8026
18/05/2018 14:00:00	213	98.65314	99.99541	83.90451	99.9509	100	99.19148	99.9989	99.99332	95.93954	100	99.99891	94.69297
18/05/2018 17:00:00	216	98.73654	99.99567	83.99434	99.94612	99.99869	99.21391	99.99886	99.99155	96.17355	100	100	95.46314
18/05/2018 20:00:00	219	98.61546	99.99156	83.46441	99.93092	100	99.4909	100	99.99844	96.41754	100	99.99808	96.61018
18/05/2018 23:00:00	222	98.99879	99.99661	84.66056	99.98202	100	99.62044	100	99.99301	97.258	100	99.99886	97.32373
19/05/2018 02:00:00	225	98.81931	99.99307	86.76043	99.9818	100	99.71714	100	100	97.35015	100	100	98.00767
19/05/2018 05:00:00	228	99.04422	99.99541	86.74826	99.97402	100	99.75998	100	99.99868	97.91924	100	100	98.25697
19/05/2018 08:00:00	231	98.77515	100	88.4055	99.99399	100	99.80197	99.99847	100	98.33379	100	99.99865	98.66503
19/05/2018 11:00:00	234	99.03345	99.99774	88.92709	99.98299	100	99.84487	100	99.99767	97.91253	100	99.99883	98.71892
19/05/2018 14:00:00	237	99.04232	100	90.15272	99.99587	100	99.76373	100	99.99656	98.30136	100	100	99.04482
19/05/2018 17:00:00	240	99.18742	99.99578	90.52994	99.99293	100	99.88574	100	99.99881	98.9044	100	100	99.31947
19/05/2018 20:00:00	243	99.11593	99.99264	92.07264	99.99466	100	99.90883	100	100	98.84354	100	99.99825	99.33228
19/05/2018 23:00:00	246	99.33828	99.99009	92.462	99.99223	100	99.88303	100	99.9961	99.07574	100	100	99.492
20/05/2018 02:00:00	249	99.21902	99.9985	92.49109	99.99197	100	99.91557	100	100	99.4182	100	100	99.57137
20/05/2018 05:00:00	252	99.33318	99.99893	93.58789	99.99001	100	99.93403	100	100	99.60725	100	100	99.66196
20/05/2018 08:00:00	255	99.33447	100	94.07234	99.9977	100	99.93308	100	100	99.56222	100	100	99.70873
20/05/2018 11:00:00	258	99.4754	99.99458	94.41605	99.99467	100	99.94168	100	100	99.66581	100	100	99.76976
20/05/2018 14:00:00	261	99.32156	100	94.94199	99.99825	100	99.96254	100	100	99.84708	100	100	99.80527
20/05/2018 17:00:00	264	99.37814	100	95.54745	100	100	99.9442	100	100	99.83003	100	100	99.78401
20/05/2018 20:00:00	267	99.51216	100	96.06979	100	100	99.94653	100	100	99.89236	100	100	99.82124
20/05/2018 23:00:00	270	99.47269	99.99894	96.41764	99.99639	100	99.95876	100	100	99.89068	100	100	99.9052
21/05/2018 02:00:00	273	99.59229	100	97.03525	99.99799	100	99.95405	100	100	99.86746	100	100	99.85513
21/05/2018 05:00:00	276	99.56602	100	96.99224	99.99679	99.99891	99.97497	100	100	99.87128	100	100	99.8825
21/05/2018 08:00:00	279	99.58354	100	97.34726	99.99815	100	99.97738	100	100	99.92661	100	100	99.90979
21/05/2018 11:00:00	282	99.55302	100	97.94946	100	100	99.97633	100	100	99.94885	100	100	99.94614
21/05/2018 14:00:00	285	99.58768	100	98.21384	100	100	99.98252	100	100	99.94872	100	100	99.91342
21/05/2018 17:00:00	288	99.58076	99.99889	98.50194	100	100	99.98423	100	100	99.96506	100	100	99.9771
21/05/2018 20:00:00	291	99.58812	99.9948	98.78812	100	100	99.97918	100	100	99.95166	100	100	99.97275
21/05/2018 23:00:00	294	99.63144	99.99848	99.06227	99.99877	100	99.98738	100	100	99.98248	100	100	99.98682
22/05/2018 02:00:00	297	99.51749	99.99888	98.97136	100	100	99.98087	100	100	99.97926	100	100	99.97348
22/05/2018 05:00:00	300	99.48149	100	99.15141	100	100	99.98148	100	100	99.97267	100	100	99.968
22/05/2018 08:00:00	303	99.5144	99.9985	99.23102	100	100	99.97449	100	100	99.97409	100	100	99.96677
22/05/2018 11:00:00	306	99.45609	100	99.31317	100	100	99.98665	100	100	99.98035	100	100	99.98572
22/05/2018 14:00:00	309	99.42223	99.99893	99.342	100	100	99.99497	100	100	99.99127	100	100	99.9931
22/05/2018 17:00:00	312	99.5315	100	99.45487	100	100	99.98603	100	100	99.98647	100	100	99.99894
22/05/2018 20:00:00	315	99.54655	99.99831	99.46815	100	100	99.99004	100	99.9986	99.99342	100	100	99.99844
22/05/2018 23:00:00	318	99.35862	99.99406	99.54585	99.9983	100	99.9967	100	100	99.99471	100	100	99.99265
23/05/2018 02:00:00	321	99.40118	99.99509	99.49274	99.99895	100	99.99677	100	100	99.98902	100	100	99.99234
23/05/2018 05:00:00	324	99.39859	99.98886	99.57402	100	100	99.9987	100	100	99.98754	100	100	99.98637
23/05/2018 08:00:00	327	99.38218	99.9958	99.61942	100	100	100	100	100	99.983	100	100	99.98368
23/05/2018 11:00:00	330	99.19137	99.99216	99.65518	100	100	99.99686	100	100	99.99849	100	100	99.98647
23/05/2018 14:00:00	333	99.23605	99.99503	99.60502	99.99622	100	99.99894	100	99.9989	99.99634	100	100	99.98925
23/05/2018 17:00:00	336	99.0136	99.99728	99.71491	100	100	99.99395	100	100	99.99861	100	100	99.99669
23/05/2018 20:00:00	339	99.00502	99.99747	99.62321	99.99597	100	99.99761	100	100	99.99644	100	100	99.98062
23/05/2018 23:00:00	342	98.61093	99.99655	99.65094	99.99882	100	100	100	100	99.99141	100	100	99.98666
24/05/2018 02:00:00	345	98.55629	99.99535	99.66461	99.9942	100	100	100	99.99842	99.99528	100	100	99.99226
24/05/2018 05:00:00	348	98.37282	99.99761	99.76917	99.99796	100	100	100	100	99.99825	100	100	99.98836
24/05/2018 08:00:00	351	98.27668	100	99.70828	99.9966	100	100	100	100	99.99881	100	100	99.99664
24/05/2018 11:00:00	354	98.24019	99.99864	99.7869	99.99641	100	100	100	99.99877	100	100	100	99.99345
24/05/2018 14:00:00	357	97.72528	99.99839	99.80274	100	100	100	100	100	99.98965	100	100	99.98952
24/05/2018 17:00:00	360	97.82494	99.9931	99.79868	99.99773	100	100	100	100	100	100	100	99.99474
24/05/2018 20:00:00	363	97.24362	99.99708	99.77782	99.99514	100	100	100	100	100	100	100	99.99747
24/05/2018 23:00:00	366	97.02194	99.99213	99.85648	99.99635	100	100	100	100	99.99891	100	100	99.99096
25/05/2018 02:00:00	369	96.75611	99.99521	99.85928	99.99323	100	100	100	100	100	100	100	99.99709
25/05/2018 05:00:00	372	96.4351	99.99374	99.80508	99.99004	100	99.99776	99.99878	100	100	100	100	99.99097
25/05/2018 08:00:00	375	96.06053	99.99436	99.82333	99.99297	99.99887	99.99667	100	100	100	100	100	99.99677
25/05/2018 11:00:00	378	95.84935	99.99653	99.84168	99.99847	100	99.99731	100	100	99.99461	100	100	99.9958
25/05/2018 14:00:00	381	95.32007	99.99881	99.82794	99.99448	100	99.99757	100	100	99.99783	100	100	99.9976
25/05/2018 17:00:00	384	94.86483	100	99.84103	99.99519	100	100	100	100	99.9976	100	100	99.99615
25/05/2018 20:00:00	387	94.34815	99.99878	99.84109	99.99625	100	100	100	100	99.99704	100	100	99.9973
25/05/2018 23:00:00	390	93.85726	99.99878	99.80795	99.99258	100	100	100	100	100	100	100	99.99893
26/05/2018 02:00:00	393	93.31432	99.99582	99.85577	99.99699	100	100	100	100	100	100	100	99.99463
26/05/2018 05:00:00	396	92.81359	99.99408	99.88204	99.99641	100	100	100	100	100	100	100	100
26/05/2018 08:00:00	399	92.28986	99.993	99.82779	99.99887	100	100	100	100	100	100	100	99.99889
26/05/2018 11:00:00	402	91.7557	99.9976	99.84691	99.99767	100	100	99.99893	100	100	100	100	100
26/05/2018 14:00:00	405	91.08652	99.99581	99.83754	99.99827	99.99889	100	100	100	100	100	100	99.99815
26/05/2018 17:00:00	408	90.89742	99.99564	99.81226	99.99814	99.99882	100	100	100	100	100	99.99868	100
26/05/2018 20:00:00	411	89.78725	99.98423	99.77542	99.99461	100	100	100	100	100	100	100	100
26/05/2018 23:00:00	414	89.44486	99.97787	99.82285	99.98833	99.99885	99.9974	100	100	100	100	100	100
27/05/2018 02:00:00	417	88.78503	99.98193	99.78168	99.99527	99.99891	100	100	100	99.99613	100	100	100
27/05/2018 05:00:00	420	88.47843	99.99493	99.83537	99.9893	100	99.99747	100	100	100	100	100	100
27/05/2018 08:00:00	423	87.99036	99.9936	99.84562	99.99466	100	100	100	100	100	100	100	100
27/05/2018 11:00:00	426	87.30322	99.99081	99.87674	99.98328	100	100	100	100	99.99878	100	100	100
27/05/2018 14:00:00	429	86.81915	99.98981	99.86526	99.99152	100	99.99802	99.99894	100	100	100	100	100
27/05/2018 17:00:00	432	87.54837	99.98429	99.85396	99.97873	100	99.99867	100	100	100	100	99.99882	100
27/05/2018 20:00:00	435	88.25475	99.98248	99.84054	99.99395	100	99.99836	100	100	99.99445	100	99.99876	100
27/05/2018 23:00:00	438	89.08969	99.97704	99.86635	99.98059	100	99.99624	100	100	99.99692	100	100	100
28/05/2018 02:00:00	441	90.70025	99.9628	99.91405	99.98618	100	99.99875	100	99.99847	99.99863	100	99.99862	99.99894
28/05/2018 05:00:00	444	92.14956	99.95712	99.81769	99.98203	99.9987	99.99593	100	100	99.99713	99.99829	99.99777	100
28/05/2018 08:00:00	447	93.35505	99.95847	99.86282	99.98737	100	100	100	100	99.99314	100	100	100
28/05/2018 11:00:00	450	93.69368	99.96883	99.83881	99.97718	99.99891	99.99874	100	100	99.99861	100	100	99.99796
28/05/2018 14:00:00	453	94.23772	99.95548	99.77898	99.93845	99.99553	99.9963	100	100	99.99885	99.99651	100	100
28/05/2018 17:00:00	456	94.84682	99.91141	99.87695	99.9645	99.99887	99.99881	100	100	100	99.99726	100	99.99887
28/05/2018 20:00:00	459	95.42636	99.89288	99.77921	99.94245	100	99.99774	100	99.99873	100	99.99885	100	100
28/05/2018 23:00:00	462	94.83926	99.88275	99.80441	99.9439	99.99751	100	99.99512	100	99.99767	99.99686	100	99.99477
29/05/2018 02:00:00	465	94.29617	99.83977	99.79957	99.93574	100	100	99.99844	100	100	100	100	100
29/05/2018 05:00:00	468	94.52805	99.78863	99.75955	99.92469	99.99151	100	99.99884	100	99.99559	100	100	99.99638
29/05/2018 08:00:00	471	92.03921	99.75996	99.70307	99.92741	99.99538	100	99.99789	100	99.9982	99.99593	100	100
29/05/2018 11:00:00	474	91.27591	99.77151	99.78011	99.8949	99.99603	99.99753	99.99383	100	99.99895	100	100	99.99641
29/05/2018 14:00:00	477	86.90125	99.68839	99.66808	99.87141	100	100	99.99896	100	99.98619	99.99878	99.99606	99.99622
29/05/2018 17:00:00	480	87.53296	99.65175	99.6417	99.81641	99.99876	100	99.99857	100	100	100	100	100
29/05/2018 20:00:00	483	86.88718	99.54826	99.50888	99.84848	100	100	99.99869	100	99.9903	100	99.99838	99.99889
29/05/2018 23:00:00	486	87.29521	99.53635	99.55186	99.70957	99.99883	100	100	100	99.99576	100	100	100
30/05/2018 02:00:00	489	88.20892	99.48996	99.55933	99.73141	99.99722	100	100	100	99.99319	100	100	99.99853
30/05/2018 05:00:00	492	88.23956	99.25653	99.43076	99.73325	99.99844	100	100	100	99.99721	100	100	99.99871
30/05/2018 08:00:00	495	88.64978	99.08207	99.33101	99.67702	100	100	99.99884	100	99.98455	100	99.99615	100
30/05/2018 11:00:00	498	89.42323	98.96663	98.96582	99.58438	100	99.99796	100	100	99.99008	100	100	99.99891
30/05/2018 14:00:00	501	89.00404	98.75681	99.03378	99.57249	100	100	99.99784	100	100	99.99863	100	99.99809
30/05/2018 17:00:00	504	84.33172	98.62511	98.92489	99.44999	99.99551	99.99836	100	100	99.99767	99.99665	99.99746	100
30/05/2018 20:00:00	507	82.94996	98.3602	98.56055	99.28731	99.99312	99.9935	100	100	99.99122	99.99851	99.99469	99.99632
30/05/2018 23:00:00	510	79.35769	98.02041	98.28475	99.31343	99.99414	100	100	100	99.98722	99.99834	99.99622	100
31/05/2018 02:00:00	513	77.62296	97.68108	98.08446	99.06178	99.99577	99.99677	99.99844	100	99.99154	99.99786	99.99637	99.99599
31/05/2018 05:00:00	516	77.01633	97.29929	97.82611	98.99094	99.99118	99.99651	99.9989	100	99.98926	99.99639	100	99.99865
31/05/2018 08:00:00	519	76.53876	96.83186	97.51961	98.91167	99.9957	100	99.99894	100	99.99454	99.99504	99.99269	99.99881
31/05/2018 11:00:00	522	74.52176	96.42886	97.06306	98.8103	99.99588	99.99689	99.99664	100	99.9814	99.99747	99.99435	100
31/05/2018 14:00:00	525	76.05614	96.54252	96.67419	98.51575	99.99397	99.995	100	100	99.96898	99.9976	99.99612	100
31/05/2018 17:00:00	528	75.12455	95.74079	96.29237	98.30225	99.9895	99.99751	99.99847	99.99879	99.98556	100	99.99581	99.99837
31/05/2018 20:00:00	531	74.80464	95.14945	95.85342	98.0388	99.99627	99.99631	99.99887	100	99.97935	99.99564	99.9916	100
31/05/2018 23:00:00	534	73.6377	94.55362	95.18299	97.47606	99.9874	99.992	99.99702	100	99.98621	99.99866	99.9964	99.99796
01/06/2018 02:00:00	537	73.19181	93.89468	94.62733	97.25623	99.99129	99.98954	99.99893	100	99.98062	99.99889	99.99316	99.99809
01/06/2018 05:00:00	540	72.60564	93.73204	94.06593	97.10367	99.99431	99.98911	99.99149	100	99.98019	99.99845	99.99594	100
01/06/2018 08:00:00	543	72.23713	93.17448	93.88228	96.68543	99.99471	99.99687	99.99193	100	99.9845	99.98769	99.99761	99.99622
01/06/2018 11:00:00	546	73.40607	92.43076	93.16684	96.08231	99.99874	99.99118	99.99742	100	99.97648	99.99191	99.99754	99.99805
01/06/2018 14:00:00	549	71.87061	91.90994	92.68285	95.85208	100	99.99705	99.9949	100	99.99083	99.99516	99.99541	99.99891
01/06/2018 17:00:00	552	72.25106	91.4622	92.07079	95.30182	99.99893	99.9935	99.99281	99.99869	99.99177	99.99646	99.99194	99.95775
01/06/2018 20:00:00	555	72.65927	91.04411	91.53361	94.80312	100	99.99467	99.99581	99.99845	99.98542	99.99667	99.99885	98.41922
01/06/2018 23:00:00	558	73.18027	90.76125	91.17337	94.34085	99.99779	99.98512	99.99874	99.99681	99.98721	99.9974	99.9782	99.38807
02/06/2018 02:00:00	561	74.03307	90.24975	90.79376	93.94883	99.99869	99.9836	99.99604	99.99887	99.99152	99.991	99.99014	99.71825
02/06/2018 05:00:00	564	74.51478	89.05596	90.32835	93.38328	99.99326	99.9906	99.99638	99.98974	99.98091	99.98821	99.98933	99.72785
02/06/2018 08:00:00	567	74.10722	88.81544	90.23163	92.83135	100	99.98772	99.99442	99.98962	99.99075	99.99364	99.98569	99.54752
02/06/2018 11:00:00	570	74.60725	88.11466	89.50968	92.06058	99.99642	99.9819	99.99703	99.9986	99.98942	99.98507	99.98312	98.95678
02/06/2018 14:00:00	573	75.79741	87.00431	89.41346	91.91886	99.99685	99.97807	99.99809	99.99653	99.99044	99.99536	99.97828	99.16643
02/06/2018 17:00:00	576	75.53238	86.93198	89.03896	90.96334	99.99783	99.97888	99.99046	99.99285	99.98143	99.993	99.98663	99.23831
02/06/2018 20:00:00	579	75.10037	85.91248	88.92059	90.08935	100	99.97843	99.99728	99.9957	99.98667	99.99043	99.97929	99.17074
02/06/2018 23:00:00	582	75.12581	85.69676	88.40723	89.95436	99.98846	99.98145	99.99622	99.99567	99.97713	99.99418	99.9702	99.02134
03/06/2018 02:00:00	585	74.60106	84.1492	88.44264	89.49002	99.99507	99.99451	99.99061	99.99771	99.98197	99.99339	99.965	98.35529
03/06/2018 05:00:00	588	74.47563	83.47192	87.33983	88.67633	99.99481	99.98923	100	99.98981	99.99175	99.99046	99.95248	98.49039
03/06/2018 08:00:00	591	75.25965	83.23045	87.43832	88.131	99.99583	99.99413	99.99461	99.99409	99.99126	99.99072	99.96763	97.72202
03/06/2018 11:00:00	594	75.60579	82.59743	87.42728	87.23168	99.99516	99.98748	99.98788	99.99155	99.98477	99.98611	99.98019	98.17461
03/06/2018 14:00:00	597	75.32437	82.60331	87.29964	86.90225	99.9986	99.99173	99.99366	99.99506	99.99173	99.98521	99.96162	96.68948
03/06/2018 17:00:00	600	75.1852	81.83015	87.31668	86.08563	99.99594	99.98845	99.99178	99.98942	99.97995	99.99468	99.98461	97.93295
03/06/2018 20:00:00	603	75.49749	81.74757	87.44067	85.11374	99.99548	99.99106	99.97735	99.99574	99.98253	99.97919	99.97934	96.54464
03/06/2018 23:00:00	606	76.29807	81.40592	86.90051	83.84219	99.99817	99.9921	99.9794	99.9985	99.98738	99.98203	99.96805	96.36317
04/06/2018 02:00:00	609	75.34994	81.50562	87.89102	83.83158	99.98975	99.99702	99.97048	99.99187	99.98423	99.9788	99.97301	97.59896
04/06/2018 05:00:00	612	74.07378	82.01028	88.57664	82.77842	99.99371	99.97946	99.97839	99.99547	99.98923	99.98988	99.97934	97.09669
04/06/2018 08:00:00	615	74.60428	82.16495	88.79722	81.81356	100	99.98221	99.9548	99.99395	99.97652	99.96484	99.97347	95.6849
