Label: AG FM

Date Time	Elapsed	A1	B1	C1	A2	B2	C2	A3	B3	C3	A4	B4	C4
09/05/2018 17:00:00	0	3.92008	3.600657	5.237998	3.737313	3.413722	2.721488	3.719937	5.147623	4.11291	3.488063	3.457156	3.862686
09/05/2018 20:00:00	3	3.778282	3.355468	5.829933	3.402041	3.00688	2.926015	3.672911	5.152627	3.998513	3.137433	3.077721	3.853721
09/05/2018 23:00:00	6	4.047917	3.799235	6.40311	3.786763	3.309809	2.953139	4.110262	5.636198	4.34489	3.529317	3.360457	3.843329
10/05/2018 02:00:00	9	4.88432	4.528433	7.541415	4.640267	3.755388	3.591286	4.896032	6.595525	5.301371	4.279107	4.142889	4.559908
10/05/2018 05:00:00	12	5.585304	5.291017	8.590067	5.48595	4.405462	4.403044	5.48103	7.704803	6.1746	4.964334	4.730066	5.497301
10/05/2018 08:00:00	15	6.421239	6.02492	9.55954	6.453866	5.238459	5.139073	6.366646	8.765887	6.86595	5.554979	5.482065	6.212147
10/05/2018 11:00:00	18	7.097117	6.652582	10.37101	7.394176	5.982921	5.615721	6.774555	9.795251	7.560333	6.12775	6.127774	6.881139
10/05/2018 14:00:00	21	7.606523	7.17839	10.91576	8.017355	6.656642	6.172497	7.388918	10.56746	8.070369	6.698265	6.610899	7.528182
10/05/2018 17:00:00	24	8.819866	8.202296	11.10744	8.661874	7.783657	6.806868	7.764131	10.99216	8.739171	7.288227	6.981768	7.14227
10/05/2018 20:00:00	27	9.118765	8.117908	11.67647	9.376112	7.957359	6.838028	8.296799	11.80432	8.977467	7.580657	7.035732	7.851764
10/05/2018 23:00:00	30	9.311703	8.154833	11.71347	9.470393	8.277174	7.138809	8.171234	11.96415	8.737773	7.836169	7.143813	7.4073
11/05/2018 02:00:00	33	9.523689	8.490458	11.95052	9.810033	8.527183	7.103849	8.474363	12.55551	8.864259	7.694886	7.525212	7.600205
11/05/2018 05:00:00	36	9.829734	8.992695	12.00961	10.31018	8.947396	7.569996	8.917003	13.22419	9.41461	8.441145	8.144932	7.84937
11/05/2018 08:00:00	39	10.28846	9.574261	12.25485	10.86539	9.599227	7.522341	9.271692	13.67483	9.689388	8.730973	8.702736	8.225152
11/05/2018 11:00:00	42	10.90095	10.12938	12.74173	11.49557	10.34644	7.916289	9.774014	14.35939	10.22989	9.05566	9.134192	8.746223
11/05/2018 14:00:00	45	11.52699	10.65076	13.29316	12.27492	10.65327	8.505032	10.21399	14.99931	10.80665	9.510948	9.50035	9.278607
11/05/2018 17:00:00	48	12.12137	11.07285	13.50985	12.83043	11.52674	8.89951	10.67047	15.72158	11.2887	9.960703	10.15511	9.679462
11/05/2018 20:00:00	51	12.63041	11.45827	13.89743	13.34111	12.14362	9.382727	11.06145	16.5677	11.68901	10.22468	10.45214	9.957509
11/05/2018 23:00:00	54	12.81961	11.5118	14.18525	13.65243	12.48132	9.663552	11.37324	17.10776	11.82243	10.36992	11.00601	10.3009
12/05/2018 02:00:00	57	13.38989	12.01198	14.51964	14.26605	13.35079	9.991718	11.88994	17.70556	12.07353	10.89836	11.381	10.52879
12/05/2018 05:00:00	60	13.6706	12.58169	14.89559	14.61832	13.69536	10.44445	12.00729	18.20703	12.46205	11.05253	11.75126	10.79317
12/05/2018 08:00:00	63	14.77312	13.10306	15.12028	15.06123	14.35969	10.55766	12.48944	18.88194	12.77046	11.41416	12.17984	10.91487
12/05/2018 11:00:00	66	14.65881	13.36494	15.54379	15.72003	14.85562	10.83626	12.83777	19.3784	13.01398	11.93032	12.64674	11.12504
12/05/2018 14:00:00	69	15.30041	13.8546	15.80828	16.28805	15.50585	11.22413	13.33087	19.98709	13.40793	12.60245	13.25395	11.31591
12/05/2018 17:00:00	72	15.83627	14.54478	16.05114	16.81605	16.31527	11.4738	13.61106	20.54807	13.7864	12.80638	13.84259	11.61432
12/05/2018 20:00:00	75	17.24686	14.89615	16.38475	17.63588	17.05659	11.66125	14.06262	21.29359	13.95686	13.64029	14.33022	11.87171
12/05/2018 23:00:00	78	17.73357	15.65767	16.74666	18.35164	18.04249	11.97719	14.68462	22.16995	14.44112	13.56833	14.97959	11.95136
13/05/2018 02:00:00	81	17.62351	16.30413	16.966	19.24374	18.80224	12.22924	15.30267	22.96042	14.66261	14.14081	15.59232	12.27114
13/05/2018 05:00:00	84	18.46538	16.73957	17.30999	19.93085	19.73834	12.87555	15.90521	23.76754	14.99226	15.17148	16.29311	12.60123
13/05/2018 08:00:00	87	19.27957	17.56002	17.74539	20.8243	20.65241	13.34519	16.8856	24.7389	15.7765	15.36636	16.93437	13.04493
13/05/2018 11:00:00	90	20.06309	18.20993	18.21636	21.72874	21.64901	13.91056	17.52281	25.76613	16.2411	16.09498	17.5246	13.39283
13/05/2018 14:00:00	93	20.79283	18.7082	18.56911	22.49875	22.72014	14.63338	18.10496	26.59761	16.73436	16.50863	18.2664	13.82353
13/05/2018 17:00:00	96	21.5079	19.50628	19.10708	23.51842	23.5994	15.35409	18.85972	27.69718	17.12359	17.09032	19.03882	14.12025
13/05/2018 20:00:00	99	22.43215	20.23923	19.70643	24.34045	24.6159	16.003	19.65873	28.43867	17.88831	17.92218	19.87688	14.44304
13/05/2018 23:00:00	102	23.24415	21.1414	20.1474	25.47227	25.68717	16.59992	20.2508	29.6685	18.33615	18.46554	20.6851	14.83086
14/05/2018 02:00:00	105	24.13094	21.93966	20.74	26.55073	26.83851	17.3337	21.38115	30.84482	19.05449	19.43184	21.66468	15.35252
14/05/2018 05:00:00	108	25.11797	22.74238	21.24972	27.5971	27.78236	18.16496	22.33571	31.99394	19.81719	20.27118	22.49647	15.90446
14/05/2018 08:00:00	111	26.12837	23.6972	21.85907	28.66872	28.90729	18.95205	23.19859	33.16584	20.27098	20.85845	23.23839	16.4477
14/05/2018 11:00:00	114	27.14619	24.53698	22.47993	29.62309	30.07217	19.86528	24.36195	34.30536	21.04982	21.94575	24.28116	16.63422
14/05/2018 14:00:00	117	28.12005	25.55673	22.94394	30.59953	31.33442	20.6673	25.28986	35.70311	21.57904	22.80402	25.27272	17.02372
14/05/2018 17:00:00	120	29.22868	26.45452	23.57423	31.80438	32.42722	21.54795	26.36155	36.76014	22.28897	23.57127	26.29256	17.47895
14/05/2018 20:00:00	123	30.46516	27.38199	24.02153	32.79088	33.68972	22.23056	27.23839	38.16684	22.95598	24.64127	27.39297	17.93107
14/05/2018 23:00:00	126	31.34832	28.54189	24.49216	33.91978	34.8236	23.0258	28.42672	39.38716	23.6651	25.70071	28.50004	18.34946
15/05/2018 02:00:00	129	32.6531	29.45289	24.99329	35.19603	36.16448	23.85188	29.37346	40.71872	24.50244	26.50014	29.66305	19.04947
15/05/2018 05:00:00	132	33.9683	30.56463	25.68526	36.29843	37.19464	24.73634	30.48295	42.39817	25.27069	27.50897	30.93202	19.37973
15/05/2018 08:00:00	135	35.09902	31.57679	26.22865	37.59178	38.48386	25.79415	31.60746	43.70099	25.94653	28.66574	31.93185	20.11916
15/05/2018 11:00:00	138	36.48565	32.82481	26.88891	38.78028	39.74064	26.55876	32.82918	45.31965	26.65992	29.79601	33.1393	20.50963
15/05/2018 14:00:00	141	37.83638	33.94851	27.58896	40.12606	41.22203	27.51828	34.27162	46.66569	27.53309	31.10101	34.54737	20.87944
15/05/2018 17:00:00	144	39.09658	35.34541	28.10545	41.44879	42.32244	28.41773	35.4603	48.40102	28.29215	32.20512	36.00264	21.45788
15/05/2018 20:00:00	147	40.54008	36.84813	28.77467	42.57246	43.66486	29.53584	36.64268	49.90541	29.05998	33.40153	37.3072	22.02604
15/05/2018 23:00:00	150	41.93869	38.02214	29.42195	43.88236	44.89621	30.59978	37.73191	51.54042	29.77638	34.69084	38.65699	22.60143
16/05/2018 02:00:00	153	43.23225	39.70993	30.07036	45.21492	46.569	31.38776	39.14738	53.02521	30.36446	35.82949	40.08078	23.16596
16/05/2018 05:00:00	156	44.61623	41.00496	30.78213	46.42043	47.60855	32.35985	40.70463	54.8438	31.34384	37.35686	41.67115	23.77858
16/05/2018 08:00:00	159	46.25754	42.40627	31.35715	47.79809	49.16282	33.1445	41.72693	56.36739	32.13462	38.52049	43.02304	24.37191
16/05/2018 11:00:00	162	47.76122	44.00392	32.19122	49.01631	50.49842	34.12334	43.35275	58.26717	32.98317	40.11654	44.64501	25.0705
16/05/2018 14:00:00	165	49.07603	45.5592	32.88039	50.32672	51.77544	35.39174	44.64387	59.94183	33.64555	41.68351	46.4045	25.51388
16/05/2018 17:00:00	168	50.66219	46.86587	33.53794	51.89331	53.50552	36.36076	46.11772	61.71891	34.70651	43.2621	48.04506	26.00719
16/05/2018 20:00:00	171	52.17742	48.39305	34.45945	53.10197	54.81779	37.3255	47.12942	63.29679	35.49805	44.72673	49.44499	26.87698
16/05/2018 23:00:00	174	53.60756	50.0341	35.29723	54.12551	56.3711	38.38156	48.65822	65.04591	36.0099	46.16558	51.19687	27.43027
17/05/2018 02:00:00	177	55.24835	51.55957	35.93163	55.41218	57.58555	39.52043	50.17155	66.66309	37.00666	47.59027	53.04822	28.13088
17/05/2018 05:00:00	180	56.69049	53.38557	36.68018	56.65197	58.98927	40.43925	51.2813	68.18367	37.98604	49.18747	54.6349	28.54852
17/05/2018 08:00:00	183	58.16815	54.62975	37.52177	57.97432	60.29427	41.2469	52.94983	70.02925	38.86723	50.80023	56.58822	29.16868
17/05/2018 11:00:00	186	59.62912	56.4006	38.45869	59.31093	61.54837	42.4859	54.47268	71.56574	39.88735	52.43056	58.14941	30.01096
17/05/2018 14:00:00	189	61.13003	57.95456	39.46785	60.54307	62.9597	43.42844	56.14388	73.26237	40.57061	53.9617	60.21308	30.60332
17/05/2018 17:00:00	192	62.64322	59.5759	40.32013	62.01824	64.30383	44.44456	57.09555	75.01581	41.42979	55.05443	61.24842	31.30287
17/05/2018 20:00:00	195	64.22745	61.3964	41.43824	63.14781	65.67648	45.64728	58.61203	76.81488	42.59639	56.63308	62.95318	32.248
17/05/2018 23:00:00	198	65.34749	62.96977	42.13474	64.38669	66.67899	46.41784	60.04729	78.41298	43.4586	58.04573	64.66421	32.71297
18/05/2018 02:00:00	201	66.93166	64.63795	42.9861	65.88718	68.09368	47.70604	61.17257	80.12293	44.36192	59.41076	66.23885	33.54354
18/05/2018 05:00:00	204	68.28968	66.05974	43.83538	67.0744	69.75347	48.36334	62.61488	81.60098	45.11826	61.13776	67.87856	34.3508
18/05/2018 08:00:00	207	69.77153	67.85367	44.48259	68.48469	70.68404	49.3115	63.88117	82.79807	46.21343	62.4857	69.4939	34.77951
18/05/2018 11:00:00	210	71.05978	69.09549	45.52401	69.73177	72.175	50.20131	65.44863	84.36702	47.04285	64.30092	71.44894	35.54415
18/05/2018 14:00:00	213	72.38686	70.71013	46.64372	71.20866	73.3035	51.21199	66.71471	85.51083	47.83829	65.85383	72.96437	36.3164
18/05/2018 17:00:00	216	73.56244	71.88986	47.5254	72.47617	74.34145	52.03145	67.58321	86.63584	48.69881	67.22458	74.42697	36.87063
18/05/2018 20:00:00	219	74.58225	73.20555	48.45144	73.85236	75.28662	52.88445	68.66489	87.83514	49.54226	68.6656	75.88307	37.84139
18/05/2018 23:00:00	222	75.56713	74.58247	49.49961	74.90435	76.13407	53.68714	69.70992	88.94993	50.26131	70.13016	77.34288	38.40854
19/05/2018 02:00:00	225	76.57626	75.53101	50.02426	76.17825	76.90668	54.57327	71.10239	90.0232	51.24796	71.48881	78.72343	39.42899
19/05/2018 05:00:00	228	77.64198	76.60102	50.81797	77.29535	77.99326	55.62991	72.46889	90.82075	51.98693	72.82083	79.99386	40.35055
19/05/2018 08:00:00	231	78.42345	77.58525	51.77404	78.31459	79.05052	56.53231	73.21142	91.75232	52.90971	74.27564	81.23251	40.8451
19/05/2018 11:00:00	234	79.20446	78.32254	53.18486	79.5815	79.74487	57.58162	74.39255	92.43707	53.61714	75.33157	82.66757	41.88576
19/05/2018 14:00:00	237	79.84232	79.21917	53.74687	80.28513	80.59027	58.76845	75.47045	93.0426	54.38298	76.43633	83.90279	42.48296
19/05/2018 17:00:00	240	80.47833	80.16905	54.64796	81.24994	81.38131	59.51618	76.41846	93.51268	54.94418	77.65431	85.06116	43.39611
19/05/2018 20:00:00	243	81.19122	80.77764	55.7387	82.13569	81.80772	60.35015	77.35837	93.8969	55.80683	78.9108	85.84577	43.86274
19/05/2018 23:00:00	246	81.61208	81.39741	56.31802	83.17115	82.53162	60.97589	78.14466	94.39153	56.69575	80.02731	86.85143	44.55791
20/05/2018 02:00:00	249	82.04201	81.97885	57.09578	83.93234	83.20878	62.1054	78.91528	94.84991	57.35988	80.92834	87.58488	45.06054
20/05/2018 05:00:00	252	82.66548	82.67348	58.13039	84.6048	83.98579	62.90833	79.84875	95.21761	57.91878	81.76614	88.353	46.04195
20/05/2018 08:00:00	255	83.04739	83.19045	58.83607	85.4174	84.22491	63.64319	80.78313	95.54101	58.68835	82.61424	89.01114	46.51326
20/05/2018 11:00:00	258	83.63049	83.64482	59.53084	85.98364	84.81603	64.37321	81.44781	95.82381	59.27382	83.48542	89.69703	46.96381
20/05/2018 14:00:00	261	83.99706	84.10257	60.29951	86.6081	85.36688	65.22704	82.13255	96.08308	60.05193	84.26038	90.4069	47.5713
20/05/2018 17:00:00	264	84.4337	84.47131	61.175	87.07571	85.87455	66.04542	82.52791	96.4024	60.86944	84.82371	90.99583	48.41983
20/05/2018 20:00:00	267	84.79808	84.80447	61.94712	87.78195	86.24474	66.64194	83.25396	96.59414	61.46607	85.66862	91.53868	49.03509
20/05/2018 23:00:00	270	84.99144	85.26723	62.49719	88.31317	86.65066	67.4903	83.86652	96.82347	62.01714	86.33683	91.99606	49.8965
21/05/2018 02:00:00	273	85.40559	85.72653	63.18547	88.8045	87.06949	68.32382	84.45675	97.02309	62.66531	86.8992	92.36584	50.79779
21/05/2018 05:00:00	276	85.75501	86.12157	63.92983	89.2776	87.33957	69.07718	85.14725	97.12602	62.79186	87.26414	92.79683	51.20012
21/05/2018 08:00:00	279	86.22717	86.50684	64.57571	89.83224	87.8392	69.71433	85.39692	97.30922	63.35476	87.93813	93.19879	51.60224
21/05/2018 11:00:00	282	86.50815	86.74609	65.02712	90.24654	88.25356	70.28212	86.22723	97.4067	63.90245	88.45484	93.65188	52.27611
21/05/2018 14:00:00	285	86.77605	87.15955	65.53449	90.6598	88.61102	70.90845	86.6555	97.56628	64.24258	88.94849	93.96052	52.60399
21/05/2018 17:00:00	288	87.15115	87.46391	66.31995	91.06414	88.46794	71.23314	88.04318	97.34849	64.16986	89.42355	94.51904	52.98275
21/05/2018 20:00:00	291	87.13332	87.57362	66.6255	91.31245	89.14745	71.74113	87.95297	97.50496	64.31573	89.9752	94.7578	53.29729
21/05/2018 23:00:00	294	87.31253	87.89268	67.25082	91.64736	89.20621	72.40073	88.58189	97.52548	64.57413	90.32973	95.04416	53.78706
22/05/2018 02:00:00	297	87.51791	88.11832	67.72193	92.06776	89.69589	72.83156	88.79645	97.69755	64.84077	90.81076	95.22787	54.09099
22/05/2018 05:00:00	300	87.59956	88.31122	68.42042	92.36606	89.57056	73.25567	89.35458	97.72518	65.03399	91.13421	95.46188	54.0497
22/05/2018 08:00:00	303	87.64691	88.44424	68.84625	92.59622	89.8345	73.42912	89.74777	97.85307	65.14327	91.46325	95.61342	54.29272
22/05/2018 11:00:00	306	87.66981	88.59951	69.4996	92.78876	90.12357	74.11595	89.9155	98.05222	65.12505	91.91246	95.86527	54.67284
22/05/2018 14:00:00	309	87.58886	88.6988	69.65495	93.0128	90.42435	74.63255	90.18844	98.08177	65.41302	92.35287	96.00074	54.72414
22/05/2018 17:00:00	312	87.73129	88.90298	70.16617	93.21656	90.62701	75.16272	90.49858	98.10676	65.48694	92.61292	96.12577	54.90418
22/05/2018 20:00:00	315	87.68452	89.02865	70.505	93.30534	90.776	75.48566	90.77051	98.12761	65.35352	92.92101	96.18033	55.33114
22/05/2018 23:00:00	318	87.56084	88.96288	70.69205	93.41546	90.87415	75.96543	90.89646	98.13852	65.32394	93.13763	96.25818	55.01495
23/05/2018 02:00:00	321	87.57317	88.95763	70.79003	93.59067	90.90976	76.26551	91.09758	98.16782	65.44727	93.29839	96.34588	55.1872
23/05/2018 05:00:00	324	87.50556	88.89713	71.0266	93.61152	90.90905	76.34202	91.17581	98.1965	65.24648	93.41641	96.42937	55.13825
23/05/2018 08:00:00	327	87.41394	88.80272	71.18826	93.62571	90.88588	76.77921	91.19196	98.16194	65.03488	93.62254	96.52082	54.73351
23/05/2018 11:00:00	330	87.20668	88.77742	71.52961	93.69694	90.79577	77.0692	91.19415	98.17148	64.97594	93.66503	96.4713	54.51725
23/05/2018 14:00:00	333	87.10117	88.82925	71.7358	93.65898	90.86086	77.45892	91.22102	98.19955	64.84146	93.64864	96.51679	54.34783
23/05/2018 17:00:00	336	86.99239	88.56252	72.06545	93.66983	90.64558	77.84445	91.31467	98.12279	64.77171	93.63761	96.45677	53.98349
23/05/2018 20:00:00	339	86.77748	88.49252	72.33749	93.62625	90.74014	78.14217	91.0975	98.15782	64.78526	93.81184	96.3616	53.77127
23/05/2018 23:00:00	342	86.70462	88.51974	72.62582	93.59314	90.64386	78.70018	91.19198	98.14265	64.8372	93.7328	96.38492	53.64227
24/05/2018 02:00:00	345	86.55844	88.29889	72.91204	93.65487	90.38737	78.75669	91.12503	98.0238	64.83852	93.71404	96.3174	53.05866
24/05/2018 05:00:00	348	86.34607	88.16963	73.23138	93.50835	90.10956	79.07242	90.96519	98.05791	64.5891	93.67426	96.21895	52.8286
24/05/2018 08:00:00	351	86.13905	87.92636	73.47763	93.48936	90.22258	79.53703	90.81589	98.08685	64.81278	93.71987	96.17584	52.69062
24/05/2018 11:00:00	354	85.93547	87.71912	73.82599	93.42905	90.19833	79.84497	90.7158	98.02296	64.55561	93.71409	96.13881	51.87148
24/05/2018 14:00:00	357	85.74613	87.62227	74.04584	93.3262	89.85324	80.38586	90.77224	97.95361	64.6486	93.54561	96.02704	51.80437
24/05/2018 17:00:00	360	85.4509	87.18639	74.56228	93.27744	89.7435	80.80227	90.44323	97.95309	64.82358	93.56086	95.93864	51.50783
24/05/2018 20:00:00	363	85.3235	86.94128	74.86131	93.17114	89.54426	81.16554	90.38624	97.92075	64.59637	93.38326	95.84057	51.07863
24/05/2018 23:00:00	366	85.03713	86.62547	75.02707	93.12431	89.42009	81.5042	90.23825	97.85454	64.72897	93.4708	95.76833	50.92007
25/05/2018 02:00:00	369	84.76353	86.52353	75.26578	92.94517	89.26146	81.79408	90.0621	97.71056	64.68997	93.36642	95.61192	50.58621
25/05/2018 05:00:00	372	84.4584	85.90101	75.57623	92.75871	88.85785	81.86499	89.94453	97.62305	64.47534	93.03184	95.48257	50.2347
25/05/2018 08:00:00	375	84.22172	85.57008	76.01735	92.58163	88.57217	82.25561	89.7352	97.63911	64.43176	92.93818	95.4563	50.16068
25/05/2018 11:00:00	378	83.86681	85.20525	76.33275	92.35666	88.12022	82.37384	89.59594	97.51073	64.42018	92.78748	95.27968	49.64022
25/05/2018 14:00:00	381	83.55849	84.82716	76.71372	92.16007	87.86329	82.55665	89.42414	97.47083	64.29385	92.78442	95.15882	49.5065
25/05/2018 17:00:00	384	83.186	84.52235	76.8156	91.9427	87.41867	82.63783	89.12556	97.36388	64.36288	92.64748	94.99728	49.47408
25/05/2018 20:00:00	387	82.78096	84.14932	77.07866	91.7424	87.01317	82.62605	89.05387	97.18454	64.20441	92.33179	94.76138	48.9115
25/05/2018 23:00:00	390	82.47168	83.75891	77.19364	91.45273	86.64476	82.49439	88.90157	97.00348	64.29008	92.12831	94.60429	48.81233
26/05/2018 02:00:00	393	81.8651	83.15018	77.14806	91.29899	86.35886	82.54384	88.44496	96.92014	64.05778	92.17031	94.41525	48.48379
26/05/2018 05:00:00	396	81.39974	82.80094	77.1096	91.02009	85.70998	82.16539	88.26972	96.77274	63.98279	91.85683	94.2079	48.42583
26/05/2018 08:00:00	399	80.80255	82.06023	77.02111	90.78781	85.33401	81.89747	87.83327	96.64581	63.8768	91.81096	93.96891	48.16132
26/05/2018 11:00:00	402	80.11279	81.69349	76.92094	90.58381	85.0357	81.57236	87.70578	96.54195	63.59993	91.44826	93.80889	47.94887
26/05/2018 14:00:00	405	79.42806	81.26042	76.95956	90.18555	84.48091	81.09503	87.38946	96.26033	63.10527	91.14995	93.43884	47.52949
26/05/2018 17:00:00	408	78.82155	80.73656	76.66174	89.82152	83.97177	80.59931	86.82542	96.154	62.8698	90.98099	93.16412	47.55775
26/05/2018 20:00:00	411	78.2214	80.11537	76.54337	89.41441	83.43359	80.13062	86.3164	95.85895	62.50618	90.74895	92.82316	47.57617
26/05/2018 23:00:00	414	77.58618	79.69223	76.50806	88.97701	82.75579	79.62741	86.13573	95.57627	62.15953	90.32824	92.55052	47.25782
27/05/2018 02:00:00	417	76.75589	79.06615	76.0267	88.58816	82.52707	79.2107	85.68679	95.38888	61.57979	90.1329	92.17631	47.37457
27/05/2018 05:00:00	420	75.86862	78.49249	75.7551	88.1731	81.97131	78.64651	85.31448	95.14454	61.04716	89.7039	91.88142	47.05537
27/05/2018 08:00:00	423	75.16065	77.96207	75.59609	87.77679	81.35369	78.21954	85.13185	94.78508	60.76147	89.40351	91.46828	46.98201
27/05/2018 11:00:00	426	74.5217	77.43192	75.46652	87.32267	80.741	77.73257	84.70093	94.53231	60.38808	88.86752	90.94327	46.84172
27/05/2018 14:00:00	429	73.58667	76.92303	75.02444	86.83937	80.27692	77.36918	84.19849	94.31843	59.8878	88.49822	90.56237	46.85868
27/05/2018 17:00:00	432	72.88655	76.31985	74.60862	86.41687	79.79137	76.7233	83.67146	94.11651	59.84285	88.1039	90.17995	46.65798
27/05/2018 20:00:00	435	72.04624	75.853	74.14814	86.04905	79.19695	76.26542	83.21807	93.92114	59.50914	87.62929	89.72469	46.72606
27/05/2018 23:00:00	438	71.26953	75.39072	73.85129	85.57922	78.7831	75.69583	82.90372	93.84598	58.90776	87.31908	89.30833	46.56565
28/05/2018 02:00:00	441	70.73421	74.91899	73.55694	85.14608	78.19292	75.3176	82.61606	93.69556	58.74596	86.85802	88.89731	46.58846
28/05/2018 05:00:00	444	70.05553	74.68112	73.06967	84.92545	77.98844	74.80798	82.39828	93.38045	58.37716	86.48148	88.3687	46.49279
28/05/2018 08:00:00	447	69.34643	74.12672	72.80552	84.6196	77.45378	74.32144	81.99919	93.39959	58.04743	86.0499	88.06406	46.54573
28/05/2018 11:00:00	450	68.60356	73.94176	72.29843	84.35336	76.92103	73.84306	81.74451	93.26875	57.93726	85.58478	87.59901	46.3811
28/05/2018 14:00:00	453	67.75951	73.91971	71.73627	83.96809	76.79576	73.38824	81.43069	93.37106	57.26497	85.2092	87.19424	46.06963
28/05/2018 17:00:00	456	67.17542	73.7538	71.44279	83.92785	76.42483	72.83583	81.33182	93.41804	57.03718	84.8872	86.97745	46.07503
28/05/2018 20:00:00	459	66.60341	73.87527	70.91759	83.85493	76.26969	72.23981	81.09905	93.57854	56.79393	84.51199	86.61794	46.00688
28/05/2018 23:00:00	462	65.98943	73.92645	70.45581	83.82579	76.00784	71.77538	81.0595	93.50381	56.44349	84.22287	86.3284	45.69186
29/05/2018 02:00:00	465	65.40833	73.78578	69.95375	83.64341	75.74104	71.36744	81.08157	93.61967	56.25163	83.93134	86.10406	45.34668
29/05/2018 05:00:00	468	64.69234	74.03177	69.59718	83.58324	75.46011	70.93575	80.92933	93.88232	55.97022	83.93594	85.87118	45.29657
29/05/2018 08:00:00	471	64.2579	74.36777	69.15891	83.9345	75.5421	70.47645	80.74696	94.05398	55.59605	83.75047	85.79184	44.9698
29/05/2018 11:00:00	474	63.75937	74.55992	68.73434	84.11186	75.16876	69.97521	80.94621	94.39463	55.36213	83.4733	85.68388	44.91265
29/05/2018 14:00:00	477	63.9017	75.09202	68.07025	84.50473	75.43189	69.9427	80.78612	94.65189	55.68458	83.74825	86.20007	46.97568
29/05/2018 17:00:00	480	63.39647	75.32634	67.83298	84.68243	75.70065	69.44716	80.94516	95.09624	55.37987	83.8686	86.44604	46.60651
29/05/2018 20:00:00	483	62.76817	75.7591	67.35159	84.9985	75.83799	69.17583	81.25266	95.34612	55.11569	83.86551	86.48832	46.4947
29/05/2018 23:00:00	486	62.44257	76.07392	66.83909	85.20293	76.24686	68.7942	81.42371	95.68562	54.63385	84.143	86.60436	46.12892
30/05/2018 02:00:00	489	61.97744	76.40434	66.45708	85.60606	76.44122	68.37142	81.79507	95.97517	54.35184	84.14152	86.84929	45.95561
30/05/2018 05:00:00	492	61.64585	76.75376	66.05013	85.96561	76.80589	68.02406	81.9249	96.21542	54.09261	84.22342	87.2038	45.74452
30/05/2018 08:00:00	495	61.28312	77.20956	65.69352	86.26588	76.91409	67.58709	82.44079	96.4435	53.8281	84.54789	87.44318	45.58379
30/05/2018 11:00:00	498	61.04186	77.6448	65.32867	86.92211	77.30408	67.10086	82.81236	96.72381	53.54894	84.52314	87.60574	45.41078
30/05/2018 14:00:00	501	60.79121	78.18631	64.90387	87.24855	77.56232	66.91065	83.35505	96.90081	53.34684	84.79485	88.14959	45.60022
30/05/2018 17:00:00	504	60.65405	78.76774	64.54971	87.79879	78.02302	66.12641	84.26054	97.09016	52.32525	85.2989	88.34589	45.15899
30/05/2018 20:00:00	507	60.08348	79.18742	64.21734	88.16629	78.39809	65.45139	84.89621	97.22775	51.74786	85.55438	88.72707	44.57658
30/05/2018 23:00:00	510	59.64457	79.72496	63.89349	88.78181	79.03661	65.15487	85.38184	97.452	51.71325	85.89733	89.34819	44.3029
31/05/2018 02:00:00	513	59.35084	80.17744	63.6979	89.15722	79.83929	64.84428	85.96817	97.68627	51.12241	86.42226	89.75513	44.25264
31/05/2018 05:00:00	516	59.20254	80.72706	63.43333	89.7728	80.39888	64.46919	86.3696	97.84556	51.05623	86.66946	90.27766	44.00377
31/05/2018 08:00:00	519	59.02755	81.38101	63.07191	90.25839	81.17099	64.09898	87.06174	98.05618	50.68039	87.14034	90.59055	43.80067
31/05/2018 11:00:00	522	58.71181	81.82364	62.75218	90.63221	81.60659	63.67746	87.68644	98.16721	50.31117	87.36739	91.18005	43.72391
31/05/2018 14:00:00	525	58.49723	82.31989	62.57895	91.08432	82.26741	63.53241	88.33444	98.36026	50.23331	87.70222	91.66678	43.61097
31/05/2018 17:00:00	528	58.56968	82.94281	62.43058	91.67496	83.20982	63.37955	88.84774	98.47681	49.73628	88.15282	92.0649	43.4554
31/05/2018 20:00:00	531	58.31386	83.39699	62.35235	91.96027	83.78654	63.38004	89.29423	98.67418	49.70156	88.4908	92.64697	43.33491
31/05/2018 23:00:00	534	58.10191	83.82059	62.11311	92.43649	84.3245	63.05722	90.06799	98.79544	49.43142	88.91167	93.14498	43.11183
01/06/2018 02:00:00	537	57.92685	84.19162	61.94328	92.83111	85.13179	62.97635	90.54715	98.89385	49.31452	89.09044	93.61489	43.0953
01/06/2018 05:00:00	540	57.87093	84.52676	62.09793	93.25907	85.84622	63.2105	90.95976	99.06251	48.98212	89.28741	93.97611	43.04509
01/06/2018 08:00:00	543	57.94239	84.84633	61.80653	93.70785	86.19501	63.13218	91.48221	99.1427	48.81897	89.47478	94.39098	43.00589
01/06/2018 11:00:00	546	57.81074	85.21049	61.88029	94.00717	87.07534	63.01086	91.87128	99.31156	48.46809	89.74978	94.72846	42.89978
01/06/2018 14:00:00	549	57.74505	85.39877	61.86234	94.34756	87.55444	63.05722	92.39135	99.37991	48.03589	89.996	95.05584	42.6621
01/06/2018 17:00:00	552	57.69041	85.63792	61.95485	94.70639	88.0794	63.23956	92.65589	99.48032	47.95857	90.16348	95.37712	42.6413
01/06/2018 20:00:00	555	57.54506	85.8139	62.25877	94.94361	88.48138	63.56076	93.0825	99.55128	47.93407	90.44217	95.82446	42.46818
01/06/2018 23:00:00	558	57.70608	86.23479	62.31596	95.23971	89.00375	63.82977	93.42776	99.60857	47.72522	90.62193	96.07632	42.43388
02/06/2018 02:00:00	561	57.44611	86.33734	62.67049	95.5013	89.73576	64.21272	93.75536	99.68359	47.42108	90.80544	96.37264	42.40937
02/06/2018 05:00:00	564	57.47835	86.64334	62.96584	95.82492	90.08878	64.69953	94.15903	99.74585	47.488	91.11271	96.49793	42.34879
02/06/2018 08:00:00	567	57.31835	86.90775	63.63634	96.13177	90.40187	65.07883	94.64604	99.78297	47.19153	91.32691	96.70561	41.65351
02/06/2018 11:00:00	570	57.61703	87.11377	64.30136	96.3033	90.84038	65.77806	94.94494	99.84104	47.42138	91.54011	96.87951	41.98283
02/06/2018 14:00:00	573	57.31527	87.41482	64.53954	96.47829	91.19296	66.42091	95.23333	99.88062	47.17049	91.74213	97.00312	41.76649
02/06/2018 17:00:00	576	57.40199	87.53138	65.20191	96.70496	91.63936	67.15156	95.52048	99.87767	46.86644	92.0099	97.26716	41.44128
02/06/2018 20:00:00	579	57.57499	87.76148	65.61713	96.91354	92.0545	68.09921	95.68645	99.91093	46.56439	92.13593	97.41341	41.25795
02/06/2018 23:00:00	582	57.62027	88.02766	66.33143	97.0665	92.47409	69.05529	95.88311	99.91555	46.61884	92.40762	97.47365	41.49682
03/06/2018 02:00:00	585	57.3945	88.11307	67.03992	97.23972	92.83782	70.0013	96.22563	99.90845	46.19748	92.44088	97.65575	41.3163
03/06/2018 05:00:00	588	57.31914	88.31737	67.55643	97.37186	93.18159	70.75431	96.19217	99.91218	45.93975	92.70932	97.75426	41.40705
03/06/2018 08:00:00	591	57.33458	88.57098	68.48151	97.48869	93.36681	71.32267	96.59841	99.89792	45.87624	92.86594	97.84226	41.13779
03/06/2018 11:00:00	594	57.47544	88.80635	69.48491	97.66221	93.75823	72.19228	96.62801	99.90816	45.76915	93.0582	98.0211	41.12369
03/06/2018 14:00:00	597	57.73428	88.99026	70.2806	97.78675	94.05293	72.85727	96.73815	99.91169	45.52727	93.28055	98.13588	41.21234
03/06/2018 17:00:00	600	57.49006	89.20174	71.02937	97.86676	94.20332	73.46094	96.97311	99.91993	45.59372	93.15935	98.3004	41.14916
03/06/2018 20:00:00	603	57.12229	89.48716	71.60017	97.94197	94.44629	73.79787	97.07455	99.94222	45.4029	93.35142	98.46608	40.94701
03/06/2018 23:00:00	606	57.37775	89.46288	72.19867	98.08692	94.75174	74.3551	97.20387	99.94485	45.22951	93.66324	98.52084	41.0006
04/06/2018 02:00:00	609	57.32321	89.67515	72.68456	98.14369	94.92083	74.62668	97.48067	99.9405	44.09135	93.55804	98.54718	40.76346
04/06/2018 05:00:00	612	57.20423	89.67991	73.12058	98.33949	95.12273	74.99026	97.55789	99.92683	43.77013	93.776	98.67921	40.73125
04/06/2018 08:00:00	615	57.34831	89.21866	73.55589	98.39133	95.28076	75.59306	97.49416	99.91769	43.87742	93.91986	98.79908	40.76297
